predicted_disk_space
1053.91124
1058.303149
1062.695057
1067.086966
1071.478875
1075.870784
1080.262693
1084.654602
1089.046511
1093.43842
1097.830329
1102.222238
1106.614147
1111.006056
1115.397965
1119.789874
1124.181783
1128.573692
1132.965601
1137.35751
1141.749419
1146.141328
1150.533236
1154.925145
1159.317054
1163.708963
1168.100872
1172.492781
1176.88469
1181.276599
1185.668508
1190.060417
1194.452326
1198.844235
1203.236144
1207.628053
1212.019962
1216.411871
1220.80378
1225.195689
1229.587598
1233.979506
1238.371415
1242.763324
1247.155233
1251.547142
1255.939051
1260.33096
1264.722869
1269.114778
1273.506687
1277.898596
1282.290505
1286.682414
1291.074323
1295.466232
1299.858141
1304.25005
1308.641959
1313.033868
1317.425777
1321.817685
1326.209594
1330.601503
1334.993412
1339.385321
1343.77723
1348.169139
1352.561048
1356.952957
1361.344866
1365.736775
1370.128684
1374.520593
1378.912502
1383.304411
1387.69632
1392.088229
1396.480138
1400.872047
1405.263956
1409.655864
1414.047773
1418.439682
1422.831591
1427.2235
1431.615409
1436.007318
1440.399227
1444.791136
1449.183045
1453.574954
1457.966863
1462.358772
1466.750681
1471.14259
1475.534499
1479.926408
1484.318317
1488.710226
1493.102134
1497.494043
1501.885952
1506.277861
1510.66977
1515.061679
1519.453588
1523.845497
1528.237406
1532.629315
1537.021224
1541.413133
1545.805042
1550.196951
1554.58886
1558.980769
1563.372678
1567.764587
1572.156496
1576.548405
1580.940313
1585.332222
1589.724131
1594.11604
1598.507949
1602.899858
1607.291767
1611.683676
1616.075585
1620.467494
1624.859403
1629.251312
1633.643221
1638.03513
1642.427039
1646.818948
1651.210857
1655.602766
1659.994675
1664.386583
1668.778492
1673.170401
1677.56231
1681.954219
1686.346128
1690.738037
1695.129946
1699.521855
1703.913764
1708.305673
1712.697582
1717.089491
1721.4814
1725.873309
1730.265218
1734.657127
1739.049036
1743.440945
1747.832854
1752.224762
1756.616671
1761.00858
1765.400489
1769.792398
1774.184307
1778.576216
1782.968125
1787.360034
1791.751943
1796.143852
1800.535761
1804.92767
1809.319579
1813.711488
1818.103397
1822.495306
1826.887215
1831.279124
1835.671033
1840.062941
1844.45485
1848.846759
1853.238668
1857.630577
1862.022486
1866.414395
1870.806304
1875.198213
1879.590122
1883.982031
1888.37394
1892.765849
1897.157758
1901.549667
1905.941576
1910.333485
1914.725394
1919.117303
1923.509211
1927.90112
1932.293029
1936.684938
1941.076847
1945.468756
1949.860665
1954.252574
1958.644483
1963.036392
1967.428301
1971.82021
1976.212119
1980.604028
1984.995937
1989.387846
1993.779755
1998.171664
2002.563573
2006.955482
2011.34739
2015.739299
2020.131208
2024.523117
2028.915026
2033.306935
2037.698844
2042.090753
2046.482662
2050.874571
2055.26648
2059.658389
2064.050298
2068.442207
2072.834116
2077.226025
2081.617934
2086.009843
2090.401752
2094.793661
2099.185569
2103.577478
2107.969387
2112.361296
2116.753205
2121.145114
2125.537023
2129.928932
2134.320841
2138.71275
2143.104659
2147.496568
2151.888477
2156.280386
2160.672295
2165.064204
2169.456113
2173.848022
2178.239931
2182.631839
2187.023748
2191.415657
2195.807566
2200.199475
2204.591384
2208.983293
2213.375202
2217.767111
2222.15902
2226.550929
2230.942838
2235.334747
2239.726656
2244.118565
2248.510474
2252.902383
2257.294292
2261.686201
2266.07811
2270.470018
2274.861927
2279.253836
2283.645745
2288.037654
2292.429563
2296.821472
2301.213381
2305.60529
2309.997199
2314.389108
2318.781017
2323.172926
2327.564835
2331.956744
2336.348653
2340.740562
2345.132471
2349.52438
2353.916288
2358.308197
2362.700106
2367.092015
2371.483924
2375.875833
2380.267742
2384.659651
2389.05156
2393.443469
2397.835378
2402.227287
2406.619196
2411.011105
2415.403014
2419.794923
2424.186832
2428.578741
2432.97065
2437.362559
2441.754467
2446.146376
2450.538285
2454.930194
2459.322103
2463.714012
2468.105921
2472.49783
2476.889739
2481.281648
2485.673557
2490.065466
2494.457375
2498.849284
2503.241193
2507.633102
2512.025011
2516.41692
2520.808829
2525.200738
2529.592646
2533.984555
2538.376464
2542.768373
2547.160282
2551.552191
2555.9441
2560.336009
2564.727918
2569.119827
2573.511736
2577.903645
2582.295554
2586.687463
2591.079372
2595.471281
2599.86319
2604.255099
2608.647008
2613.038916
2617.430825
2621.822734
2626.214643
2630.606552
2634.998461
2639.39037
2643.782279
2648.174188
2652.566097
2656.958006
2661.349915
2665.741824
2670.133733
2674.525642
2678.917551
2683.30946
2687.701369
2692.093278
2696.485187
2700.877095
2705.269004
2709.660913
2714.052822
2718.444731
2722.83664
2727.228549
2731.620458
2736.012367
2740.404276
2744.796185
2749.188094
2753.580003
2757.971912
2762.363821
2766.75573
2771.147639
2775.539548
2779.931457
2784.323365
2788.715274
2793.107183
2797.499092
2801.891001
2806.28291
2810.674819
2815.066728
2819.458637
2823.850546
2828.242455
2832.634364
2837.026273
2841.418182
2845.810091
2850.202
2854.593909
2858.985818
2863.377727
2867.769636
2872.161544
2876.553453
2880.945362
2885.337271
2889.72918
2894.121089
2898.512998
2902.904907
2907.296816
2911.688725
2916.080634
2920.472543
2924.864452
2929.256361
2933.64827
2938.040179
2942.432088
2946.823997
2951.215906
2955.607815
2959.999723
2964.391632
2968.783541
2973.17545
2977.567359
2981.959268
2986.351177
2990.743086
2995.134995
2999.526904
3003.918813
3008.310722
3012.702631
3017.09454
3021.486449
3025.878358
3030.270267
3034.662176
3039.054085
3043.445993
3047.837902
3052.229811
3056.62172
3061.013629
3065.405538
3069.797447
3074.189356
3078.581265
3082.973174
3087.365083
3091.756992
3096.148901
3100.54081
3104.932719
3109.324628
3113.716537
3118.108446
3122.500355
3126.892264
3131.284172
3135.676081
3140.06799
3144.459899
3148.851808
3153.243717
3157.635626
3162.027535
3166.419444
3170.811353
3175.203262
3179.595171
3183.98708
3188.378989
3192.770898
3197.162807
3201.554716
3205.946625
3210.338534
3214.730443
3219.122351
3223.51426
3227.906169
3232.298078
3236.689987
3241.081896
3245.473805
3249.865714
3254.257623
3258.649532
3263.041441
3267.43335
3271.825259
3276.217168
3280.609077
3285.000986
3289.392895
3293.784804
3298.176713
3302.568621
3306.96053
3311.352439
3315.744348
3320.136257
3324.528166
3328.920075
3333.311984
3337.703893
3342.095802
3346.487711
3350.87962
3355.271529
3359.663438
3364.055347
3368.447256
3372.839165
3377.231074
3381.622983
3386.014892
3390.4068
3394.798709
3399.190618
3403.582527
3407.974436
3412.366345
3416.758254
3421.150163
3425.542072
3429.933981
3434.32589
3438.717799
3443.109708
3447.501617
3451.893526
3456.285435
3460.677344
3465.069253
3469.461162
3473.85307
3478.244979
3482.636888
3487.028797
3491.420706
3495.812615
3500.204524
3504.596433
3508.988342
3513.380251
3517.77216
3522.164069
3526.555978
3530.947887
3535.339796
3539.731705
3544.123614
3548.515523
3552.907432
3557.299341
3561.691249
3566.083158
3570.475067
3574.866976
3579.258885
3583.650794
3588.042703
3592.434612
3596.826521
3601.21843
3605.610339
3610.002248
3614.394157
3618.786066
3623.177975
3627.569884
3631.961793
3636.353702
3640.745611
3645.13752
3649.529428
3653.921337
3658.313246
3662.705155
3667.097064
3671.488973
3675.880882
3680.272791
3684.6647
3689.056609
3693.448518
3697.840427
3702.232336
3706.624245
3711.016154
3715.408063
3719.799972
3724.191881
3728.58379
3732.975698
3737.367607
3741.759516
3746.151425
3750.543334
3754.935243
3759.327152
3763.719061
3768.11097
3772.502879
3776.894788
3781.286697
3785.678606
3790.070515
3794.462424
3798.854333
3803.246242
3807.638151
3812.03006
3816.421969
3820.813877
3825.205786
3829.597695
3833.989604
3838.381513
3842.773422
3847.165331
3851.55724
3855.949149
3860.341058
3864.732967
3869.124876
3873.516785
3877.908694
3882.300603
3886.692512
3891.084421
3895.47633
3899.868239
3904.260148
3908.652056
3913.043965
3917.435874
3921.827783
3926.219692
3930.611601
3935.00351
3939.395419
3943.787328
3948.179237
3952.571146
3956.963055
3961.354964
3965.746873
3970.138782
3974.530691
3978.9226
3983.314509
3987.706418
3992.098326
3996.490235
4000.882144
4005.274053
4009.665962
4014.057871
4018.44978
4022.841689
4027.233598
4031.625507
4036.017416
4040.409325
4044.801234
4049.193143
4053.585052
4057.976961
4062.36887
4066.760779
4071.152688
4075.544597
4079.936505
4084.328414
4088.720323
4093.112232
4097.504141
4101.89605
4106.287959
4110.679868
4115.071777
4119.463686
4123.855595
4128.247504
4132.639413
4137.031322
4141.423231
4145.81514
4150.207049
4154.598958
4158.990867
4163.382775
4167.774684
4172.166593
4176.558502
4180.950411
4185.34232
4189.734229
4194.126138
4198.518047
4202.909956
4207.301865
4211.693774
4216.085683
4220.477592
4224.869501
4229.26141
4233.653319
4238.045228
4242.437137
4246.829046
4251.220954
4255.612863
4260.004772
4264.396681
4268.78859
4273.180499
4277.572408
4281.964317
4286.356226
4290.748135
4295.140044
4299.531953
4303.923862
4308.315771
4312.70768
4317.099589
4321.491498
4325.883407
4330.275316
4334.667225
4339.059133
4343.451042
4347.842951
4352.23486
4356.626769
4361.018678
4365.410587
4369.802496
4374.194405
4378.586314
4382.978223
4387.370132
4391.762041
4396.15395
4400.545859
4404.937768
4409.329677
4413.721586
4418.113495
4422.505403
4426.897312
4431.289221
4435.68113
4440.073039
4444.464948
4448.856857
4453.248766
4457.640675
4462.032584
4466.424493
4470.816402
4475.208311
4479.60022
4483.992129
4488.384038
4492.775947
4497.167856
4501.559765
4505.951674
4510.343582
4514.735491
4519.1274
4523.519309
4527.911218
4532.303127
4536.695036
4541.086945
4545.478854
4549.870763
4554.262672
4558.654581
4563.04649
4567.438399
4571.830308
4576.222217
4580.614126
4585.006035
4589.397944
4593.789853
4598.181761
4602.57367
4606.965579
4611.357488
4615.749397
4620.141306
4624.533215
4628.925124
4633.317033
4637.708942
4642.100851
4646.49276
4650.884669
4655.276578
4659.668487
4664.060396
4668.452305
4672.844214
4677.236123
4681.628031
4686.01994
4690.411849
4694.803758
4699.195667
4703.587576
4707.979485
4712.371394
4716.763303
4721.155212
4725.547121
4729.93903
4734.330939
4738.722848
4743.114757
4747.506666
4751.898575
4756.290484
4760.682393
4765.074302
4769.46621
4773.858119
4778.250028
4782.641937
4787.033846
4791.425755
4795.817664
4800.209573
4804.601482
4808.993391
4813.3853
4817.777209
4822.169118
4826.561027
4830.952936
4835.344845
4839.736754
4844.128663
4848.520572
4852.91248
4857.304389
4861.696298
4866.088207
4870.480116
4874.872025
4879.263934
4883.655843
4888.047752
4892.439661
4896.83157
4901.223479
4905.615388
4910.007297
4914.399206
4918.791115
4923.183024
4927.574933
4931.966842
4936.358751
4940.750659
4945.142568
4949.534477
4953.926386
4958.318295
4962.710204
4967.102113
4971.494022
4975.885931
4980.27784
4984.669749
4989.061658
4993.453567
4997.845476
5002.237385
5006.629294
5011.021203
5015.413112
5019.805021
5024.19693
5028.588838
5032.980747
5037.372656
5041.764565
5046.156474
5050.548383
5054.940292
5059.332201
5063.72411
5068.116019
5072.507928
5076.899837
5081.291746
5085.683655
5090.075564
5094.467473
5098.859382
5103.251291
5107.6432
5112.035108
5116.427017
5120.818926
5125.210835
5129.602744
5133.994653
5138.386562
5142.778471
5147.17038
5151.562289
5155.954198
5160.346107
5164.738016
5169.129925
5173.521834
5177.913743
5182.305652
5186.697561
5191.08947
5195.481379
5199.873287
5204.265196
5208.657105
5213.049014
5217.440923
5221.832832
5226.224741
5230.61665
5235.008559
5239.400468
5243.792377
5248.184286
5252.576195
5256.968104
5261.360013
5265.751922
5270.143831
5274.53574
5278.927649
5283.319557
5287.711466
5292.103375
5296.495284
5300.887193
5305.279102
5309.671011
5314.06292
5318.454829
5322.846738
5327.238647
5331.630556
5336.022465
5340.414374
5344.806283
5349.198192
5353.590101
5357.98201
5362.373919
5366.765828
5371.157736
5375.549645
5379.941554
5384.333463
5388.725372
5393.117281
5397.50919
5401.901099
5406.293008
5410.684917
5415.076826
5419.468735
5423.860644
5428.252553
5432.644462
5437.036371
5441.42828
5445.820189
5450.212098
5454.604007
5458.995915
5463.387824
5467.779733
5472.171642
5476.563551
5480.95546
5485.347369
5489.739278
5494.131187
5498.523096
5502.915005
5507.306914
5511.698823
5516.090732
5520.482641
5524.87455
5529.266459
5533.658368
5538.050277
5542.442185
5546.834094
5551.226003
5555.617912
5560.009821
5564.40173
5568.793639
5573.185548
5577.577457
5581.969366
5586.361275
5590.753184
5595.145093
5599.537002
5603.928911
5608.32082
5612.712729
5617.104638
5621.496547
5625.888456
5630.280364
5634.672273
5639.064182
5643.456091
5647.848
5652.239909
5656.631818
5661.023727
5665.415636
5669.807545
5674.199454
5678.591363
5682.983272
5687.375181
5691.76709
5696.158999
5700.550908
5704.942817
5709.334726
5713.726635
5718.118543
5722.510452
5726.902361
5731.29427
5735.686179
5740.078088
5744.469997
5748.861906
5753.253815
5757.645724
5762.037633
5766.429542
5770.821451
5775.21336
5779.605269
5783.997178
5788.389087
5792.780996
5797.172905
5801.564813
5805.956722
5810.348631
5814.74054
5819.132449
5823.524358
5827.916267
5832.308176
5836.700085
5841.091994
5845.483903
5849.875812
5854.267721
5858.65963
5863.051539
5867.443448
5871.835357
5876.227266
5880.619175
5885.011084
5889.402992
5893.794901
5898.18681
5902.578719
5906.970628
5911.362537
5915.754446
5920.146355
5924.538264
5928.930173
5933.322082
5937.713991
5942.1059
5946.497809
5950.889718
5955.281627
5959.673536
5964.065445
5968.457354
5972.849262
5977.241171
5981.63308
5986.024989
5990.416898
5994.808807
5999.200716
6003.592625
6007.984534
6012.376443
6016.768352
6021.160261
6025.55217
6029.944079
6034.335988
6038.727897
6043.119806
6047.511715
6051.903624
6056.295533
6060.687441
6065.07935
6069.471259
6073.863168
6078.255077
6082.646986
6087.038895
6091.430804
6095.822713
6100.214622
6104.606531
6108.99844
6113.390349
6117.782258
6122.174167
6126.566076
6130.957985
6135.349894
6139.741803
6144.133712
6148.52562
6152.917529
6157.309438
6161.701347
6166.093256
6170.485165
6174.877074
6179.268983
6183.660892
6188.052801
6192.44471
6196.836619
6201.228528
6205.620437
6210.012346
6214.404255
6218.796164
6223.188073
6227.579982
6231.97189
6236.363799
6240.755708
6245.147617
6249.539526
6253.931435
6258.323344
6262.715253
6267.107162
6271.499071
6275.89098
6280.282889
6284.674798
6289.066707
6293.458616
6297.850525
6302.242434
6306.634343
6311.026252
6315.418161
6319.810069
6324.201978
6328.593887
6332.985796
6337.377705
6341.769614
6346.161523
6350.553432
6354.945341
6359.33725
6363.729159
6368.121068
6372.512977
6376.904886
6381.296795
6385.688704
6390.080613
6394.472522
6398.864431
6403.25634
6407.648248
6412.040157
6416.432066
6420.823975
6425.215884
6429.607793
6433.999702
6438.391611
6442.78352
6447.175429
6451.567338
6455.959247
6460.351156
6464.743065
6469.134974
6473.526883
6477.918792
6482.310701
6486.70261
6491.094518
6495.486427
6499.878336
6504.270245
6508.662154
6513.054063
6517.445972
6521.837881
6526.22979
6530.621699
6535.013608
6539.405517
6543.797426
6548.189335
6552.581244
6556.973153
6561.365062
6565.756971
6570.14888
6574.540789
6578.932697
6583.324606
6587.716515
6592.108424
6596.500333
6600.892242
6605.284151
6609.67606
6614.067969
6618.459878
6622.851787
6627.243696
6631.635605
6636.027514
6640.419423
6644.811332
6649.203241
6653.59515
6657.987059
6662.378967
6666.770876
6671.162785
6675.554694
6679.946603
6684.338512
6688.730421
6693.12233
6697.514239
6701.906148
6706.298057
6710.689966
6715.081875
6719.473784
6723.865693
6728.257602
6732.649511
6737.04142
6741.433329
6745.825238
6750.217146
6754.609055
6759.000964
6763.392873
6767.784782
6772.176691
6776.5686
6780.960509
6785.352418
6789.744327
6794.136236
6798.528145
6802.920054
6807.311963
6811.703872
6816.095781
6820.48769
6824.879599
6829.271508
6833.663417
6838.055325
6842.447234
6846.839143
6851.231052
6855.622961
6860.01487
6864.406779
6868.798688
6873.190597
6877.582506
6881.974415
6886.366324
6890.758233
6895.150142
6899.542051
6903.93396
6908.325869
6912.717778
6917.109687
6921.501595
6925.893504
6930.285413
6934.677322
6939.069231
6943.46114
6947.853049
6952.244958
6956.636867
6961.028776
6965.420685
6969.812594
6974.204503
6978.596412
6982.988321
6987.38023
6991.772139
6996.164048
7000.555957
7004.947866
7009.339774
7013.731683
7018.123592
7022.515501
7026.90741
7031.299319
7035.691228
7040.083137
7044.475046
7048.866955
7053.258864
7057.650773
7062.042682
7066.434591
7070.8265
7075.218409
7079.610318
7084.002227
7088.394136
7092.786045
7097.177953
7101.569862
7105.961771
7110.35368
7114.745589
7119.137498
7123.529407
7127.921316
7132.313225
7136.705134
7141.097043
7145.488952
7149.880861
7154.27277
7158.664679
7163.056588
7167.448497
7171.840406
7176.232315
7180.624223
7185.016132
7189.408041
7193.79995
7198.191859
7202.583768
7206.975677
7211.367586
7215.759495
7220.151404
7224.543313
7228.935222
7233.327131
7237.71904
7242.110949
7246.502858
7250.894767
7255.286676
7259.678585
7264.070494
7268.462402
7272.854311
7277.24622
7281.638129
7286.030038
7290.421947
7294.813856
7299.205765
7303.597674
7307.989583
7312.381492
7316.773401
7321.16531
7325.557219
7329.949128
7334.341037
7338.732946
7343.124855
7347.516764
7351.908672
7356.300581
7360.69249
7365.084399
7369.476308
7373.868217
7378.260126
7382.652035
7387.043944
7391.435853
7395.827762
7400.219671
7404.61158
7409.003489
7413.395398
7417.787307
7422.179216
7426.571125
7430.963034
7435.354943
7439.746851
7444.13876
7448.530669
7452.922578
7457.314487
7461.706396
7466.098305
7470.490214
7474.882123
7479.274032
7483.665941
7488.05785
7492.449759
7496.841668
7501.233577
7505.625486
7510.017395
7514.409304
7518.801213
7523.193122
7527.58503
7531.976939
7536.368848
7540.760757
7545.152666
7549.544575
7553.936484
7558.328393
7562.720302
7567.112211
7571.50412
7575.896029
7580.287938
7584.679847
7589.071756
7593.463665
7597.855574
7602.247483
7606.639392
7611.0313
7615.423209
7619.815118
7624.207027
7628.598936
7632.990845
7637.382754
7641.774663
7646.166572
7650.558481
7654.95039
7659.342299
7663.734208
7668.126117
7672.518026
7676.909935
7681.301844
7685.693753
7690.085662
7694.477571
7698.869479
7703.261388
7707.653297
7712.045206
7716.437115
7720.829024
7725.220933
7729.612842
7734.004751
7738.39666
7742.788569
7747.180478
7751.572387
7755.964296
7760.356205
7764.748114
7769.140023
7773.531932
7777.923841
7782.315749
7786.707658
7791.099567
7795.491476
7799.883385
7804.275294
7808.667203
7813.059112
7817.451021
7821.84293
7826.234839
7830.626748
7835.018657
7839.410566
7843.802475
7848.194384
7852.586293
7856.978202
7861.370111
7865.76202
7870.153928
7874.545837
7878.937746
7883.329655
7887.721564
7892.113473
7896.505382
7900.897291
7905.2892
7909.681109
7914.073018
7918.464927
7922.856836
7927.248745
7931.640654
7936.032563
7940.424472
7944.816381
7949.20829
7953.600199
7957.992107
7962.384016
7966.775925
7971.167834
7975.559743
7979.951652
7984.343561
7988.73547
7993.127379
7997.519288
8001.911197
8006.303106
8010.695015
8015.086924
8019.478833
8023.870742
8028.262651
8032.65456
8037.046469
8041.438377
8045.830286
8050.222195
8054.614104
8059.006013
8063.397922
8067.789831
8072.18174
8076.573649
8080.965558
8085.357467
8089.749376
8094.141285
8098.533194
8102.925103
8107.317012
8111.708921
8116.10083
8120.492739
8124.884648
8129.276556
8133.668465
8138.060374
8142.452283
8146.844192
8151.236101
8155.62801
8160.019919
8164.411828
8168.803737
8173.195646
8177.587555
8181.979464
8186.371373
8190.763282
8195.155191
8199.5471
8203.939009
8208.330918
8212.722827
8217.114735
8221.506644
8225.898553
8230.290462
8234.682371
8239.07428
8243.466189
8247.858098
8252.250007
8256.641916
8261.033825
8265.425734
8269.817643
8274.209552
8278.601461
8282.99337
8287.385279
8291.777188
8296.169097
8300.561005
8304.952914
8309.344823
8313.736732
8318.128641
8322.52055
8326.912459
8331.304368
8335.696277
8340.088186
8344.480095
8348.872004
8353.263913
8357.655822
8362.047731
8366.43964
8370.831549
8375.223458
8379.615367
8384.007276
8388.399184
8392.791093
8397.183002
8401.574911
8405.96682
8410.358729
8414.750638
8419.142547
8423.534456
8427.926365
8432.318274
8436.710183
8441.102092
8445.494001
8449.88591
8454.277819
8458.669728
8463.061637
8467.453546
8471.845454
8476.237363
8480.629272
8485.021181
8489.41309
8493.804999
8498.196908
8502.588817
8506.980726
8511.372635
8515.764544
8520.156453
8524.548362
8528.940271
8533.33218
8537.724089
8542.115998
8546.507907
8550.899816
8555.291725
8559.683633
8564.075542
8568.467451
8572.85936
8577.251269
8581.643178
8586.035087
8590.426996
8594.818905
8599.210814
8603.602723
8607.994632
8612.386541
8616.77845
8621.170359
8625.562268
8629.954177
8634.346086
8638.737995
8643.129904
8647.521812
8651.913721
8656.30563
8660.697539
8665.089448
8669.481357
8673.873266
8678.265175
8682.657084
8687.048993
8691.440902
8695.832811
8700.22472
8704.616629
8709.008538
8713.400447
8717.792356
8722.184265
8726.576174
8730.968082
8735.359991
8739.7519
8744.143809
8748.535718
8752.927627
8757.319536
8761.711445
8766.103354
8770.495263
8774.887172
8779.279081
8783.67099
8788.062899
8792.454808
8796.846717
8801.238626
8805.630535
8810.022444
8814.414353
8818.806261
8823.19817
8827.590079
8831.981988
8836.373897
8840.765806
8845.157715
8849.549624
8853.941533
8858.333442
8862.725351
8867.11726
8871.509169
8875.901078
8880.292987
8884.684896
8889.076805
8893.468714
8897.860623
8902.252532
8906.64444
8911.036349
8915.428258
8919.820167
8924.212076
8928.603985
8932.995894
8937.387803
8941.779712
8946.171621
8950.56353
8954.955439
8959.347348
8963.739257
8968.131166
8972.523075
8976.914984
8981.306893
8985.698802
8990.09071
8994.482619
8998.874528
9003.266437
9007.658346
9012.050255
9016.442164
9020.834073
9025.225982
9029.617891
9034.0098
9038.401709
9042.793618
9047.185527
9051.577436
9055.969345
9060.361254
9064.753163
9069.145072
9073.536981
9077.928889
9082.320798
9086.712707
9091.104616
9095.496525
9099.888434
9104.280343
9108.672252
9113.064161
9117.45607
9121.847979
9126.239888
9130.631797
9135.023706
9139.415615
9143.807524
9148.199433
9152.591342
9156.983251
9161.375159
9165.767068
9170.158977
9174.550886
9178.942795
9183.334704
9187.726613
9192.118522
9196.510431
9200.90234
9205.294249
9209.686158
9214.078067
9218.469976
9222.861885
9227.253794
9231.645703
9236.037612
9240.429521
9244.82143
9249.213338
9253.605247
9257.997156
9262.389065
9266.780974
9271.172883
9275.564792
9279.956701
9284.34861
9288.740519
9293.132428
9297.524337
9301.916246
9306.308155
9310.700064
9315.091973
9319.483882
9323.875791
9328.2677
9332.659609
9337.051517
9341.443426
9345.835335
9350.227244
9354.619153
9359.011062
9363.402971
9367.79488
9372.186789
9376.578698
9380.970607
9385.362516
9389.754425
9394.146334
9398.538243
9402.930152
9407.322061
9411.71397
9416.105879
9420.497787
9424.889696
9429.281605
9433.673514
9438.065423
9442.457332
9446.849241
9451.24115
9455.633059
9460.024968
9464.416877
9468.808786
9473.200695
9477.592604
9481.984513
9486.376422
9490.768331
9495.16024
9499.552149
9503.944058
9508.335966
9512.727875
9517.119784
9521.511693
9525.903602
9530.295511
9534.68742
9539.079329
9543.471238
9547.863147
9552.255056
9556.646965
9561.038874
9565.430783
9569.822692
9574.214601
9578.60651
9582.998419
9587.390328
9591.782236
9596.174145
9600.566054
9604.957963
9609.349872
9613.741781
9618.13369
9622.525599
9626.917508
9631.309417
9635.701326
9640.093235
9644.485144
9648.877053
9653.268962
9657.660871
9662.05278
9666.444689
9670.836598
9675.228507
9679.620415
9684.012324
9688.404233
9692.796142
9697.188051
9701.57996
9705.971869
9710.363778
9714.755687
9719.147596
9723.539505
9727.931414
9732.323323
9736.715232
9741.107141
9745.49905
9749.890959
9754.282868
9758.674777
9763.066686
9767.458594
9771.850503
9776.242412
9780.634321
9785.02623
9789.418139
9793.810048
9798.201957
9802.593866
9806.985775
9811.377684
9815.769593
9820.161502
9824.553411
9828.94532
9833.337229
9837.729138
9842.121047
9846.512956
9850.904864
9855.296773
9859.688682
9864.080591
9868.4725
9872.864409
9877.256318
9881.648227
9886.040136
9890.432045
9894.823954
9899.215863
9903.607772
9907.999681
9912.39159
9916.783499
9921.175408
9925.567317
9929.959226
9934.351135
9938.743043
9943.134952
9947.526861
9951.91877
9956.310679
9960.702588
9965.094497
9969.486406
9973.878315
9978.270224
9982.662133
9987.054042
9991.445951
9995.83786
10000.22977
10004.62168
10009.01359
10013.4055
10017.7974
10022.18931
10026.58122
10030.97313
10035.36504
10039.75695
10044.14886
10048.54077
10052.93268
10057.32459
10061.71649
10066.1084
10070.50031
10074.89222
10079.28413
10083.67604
10088.06795
10092.45986
10096.85177
10101.24367
10105.63558
10110.02749
10114.4194
10118.81131
10123.20322
10127.59513
10131.98704
10136.37895
10140.77086
10145.16276
10149.55467
10153.94658
10158.33849
10162.7304
10167.12231
10171.51422
10175.90613
10180.29804
10184.68994
10189.08185
10193.47376
10197.86567
10202.25758
10206.64949
10211.0414
10215.43331
10219.82522
10224.21713
10228.60903
10233.00094
10237.39285
10241.78476
10246.17667
10250.56858
10254.96049
10259.3524
10263.74431
10268.13621
10272.52812
10276.92003
10281.31194
10285.70385
10290.09576
10294.48767
10298.87958
10303.27149
10307.6634
10312.0553
10316.44721
10320.83912
10325.23103
10329.62294
10334.01485
10338.40676
10342.79867
10347.19058
10351.58248
10355.97439
10360.3663
10364.75821
10369.15012
10373.54203
10377.93394
10382.32585
10386.71776
10391.10967
10395.50157
10399.89348
10404.28539
10408.6773
10413.06921
10417.46112
10421.85303
10426.24494
10430.63685
10435.02875
10439.42066
10443.81257
10448.20448
10452.59639
10456.9883
10461.38021
10465.77212
10470.16403
10474.55594
10478.94784
10483.33975
10487.73166
10492.12357
10496.51548
10500.90739
10505.2993
10509.69121
10514.08312
10518.47502
10522.86693
10527.25884
10531.65075
10536.04266
10540.43457
10544.82648
10549.21839
10553.6103
10558.00221
10562.39411
10566.78602
10571.17793
10575.56984
10579.96175
10584.35366
10588.74557
10593.13748
10597.52939
10601.92129
10606.3132
10610.70511
10615.09702
10619.48893
10623.88084
10628.27275
10632.66466
10637.05657
10641.44848
10645.84038
10650.23229
10654.6242
10659.01611
10663.40802
10667.79993
10672.19184
10676.58375
10680.97566
10685.36756
10689.75947
10694.15138
10698.54329
10702.9352
10707.32711
10711.71902
10716.11093
10720.50284
10724.89475
10729.28665
10733.67856
10738.07047
10742.46238
10746.85429
10751.2462
10755.63811
10760.03002
10764.42193
10768.81383
10773.20574
10777.59765
10781.98956
10786.38147
10790.77338
10795.16529
10799.5572
10803.94911
10808.34102
10812.73292
10817.12483
10821.51674
10825.90865
10830.30056
10834.69247
10839.08438
10843.47629
10847.8682
10852.2601
10856.65201
10861.04392
10865.43583
10869.82774
10874.21965
10878.61156
10883.00347
10887.39538
10891.78729
10896.17919
10900.5711
10904.96301
10909.35492
10913.74683
10918.13874
10922.53065
10926.92256
10931.31447
10935.70637
10940.09828
10944.49019
10948.8821
10953.27401
10957.66592
10962.05783
10966.44974
10970.84165
10975.23356
10979.62546
10984.01737
10988.40928
10992.80119
10997.1931
11001.58501
11005.97692
11010.36883
11014.76074
11019.15264
11023.54455
11027.93646
11032.32837
11036.72028
11041.11219
11045.5041
11049.89601
11054.28792
11058.67983
11063.07173
11067.46364
11071.85555
11076.24746
11080.63937
11085.03128
11089.42319
11093.8151
11098.20701
11102.59891
11106.99082
11111.38273
11115.77464
11120.16655
11124.55846
11128.95037
11133.34228
11137.73419
11142.1261
11146.518
11150.90991
11155.30182
11159.69373
11164.08564
11168.47755
11172.86946
11177.26137
11181.65328
11186.04518
11190.43709
11194.829
11199.22091
11203.61282
11208.00473
11212.39664
11216.78855
11221.18046
11225.57237
11229.96427
11234.35618
11238.74809
11243.14
11247.53191
11251.92382
11256.31573
11260.70764
11265.09955
11269.49146
11273.88336
11278.27527
11282.66718
11287.05909
11291.451
11295.84291
11300.23482
11304.62673
11309.01864
11313.41054
11317.80245
11322.19436
11326.58627
11330.97818
11335.37009
11339.762
11344.15391
11348.54582
11352.93773
11357.32963
11361.72154
11366.11345
11370.50536
11374.89727
11379.28918
11383.68109
11388.073
11392.46491
11396.85681
11401.24872
11405.64063
11410.03254
11414.42445
11418.81636
11423.20827
11427.60018
11431.99209
11436.384
11440.7759
11445.16781
11449.55972
11453.95163
11458.34354
11462.73545
11467.12736
11471.51927
11475.91118
11480.30308
11484.69499
11489.0869
11493.47881
11497.87072
11502.26263
11506.65454
11511.04645
11515.43836
11519.83027
11524.22217
11528.61408
11533.00599
11537.3979
11541.78981
11546.18172
11550.57363
11554.96554
11559.35745
11563.74935
11568.14126
11572.53317
11576.92508
11581.31699
11585.7089
11590.10081
11594.49272
11598.88463
11603.27654
11607.66844
11612.06035
11616.45226
11620.84417
11625.23608
11629.62799
11634.0199
11638.41181
11642.80372
11647.19562
11651.58753
11655.97944
11660.37135
11664.76326
11669.15517
11673.54708
11677.93899
11682.3309
11686.72281
11691.11471
11695.50662
11699.89853
11704.29044
11708.68235
11713.07426
11717.46617
11721.85808
11726.24999
11730.64189
11735.0338
11739.42571
11743.81762
11748.20953
11752.60144
11756.99335
11761.38526
11765.77717
11770.16908
11774.56098
11778.95289
11783.3448
11787.73671
11792.12862
11796.52053
11800.91244
11805.30435
11809.69626
11814.08816
11818.48007
11822.87198
11827.26389
11831.6558
11836.04771
11840.43962
11844.83153
11849.22344
11853.61535
11858.00725
11862.39916
11866.79107
11871.18298
11875.57489
11879.9668
11884.35871
11888.75062
11893.14253
11897.53443
11901.92634
11906.31825
11910.71016
11915.10207
11919.49398
11923.88589
11928.2778
11932.66971
11937.06162
11941.45352
11945.84543
11950.23734
11954.62925
11959.02116
11963.41307
11967.80498
11972.19689
11976.5888
11980.9807
11985.37261
11989.76452
11994.15643
11998.54834
12002.94025
12007.33216
12011.72407
12016.11598
12020.50789
12024.89979
12029.2917
12033.68361
12038.07552
12042.46743
12046.85934
12051.25125
12055.64316
12060.03507
12064.42697
12068.81888
12073.21079
12077.6027
12081.99461
12086.38652
12090.77843
12095.17034
12099.56225
12103.95416
12108.34606
12112.73797
12117.12988
12121.52179
12125.9137
12130.30561
12134.69752
12139.08943
12143.48134
12147.87324
12152.26515
12156.65706
12161.04897
12165.44088
12169.83279
12174.2247
12178.61661
12183.00852
12187.40043
12191.79233
12196.18424
12200.57615
12204.96806
12209.35997
12213.75188
12218.14379
12222.5357
12226.92761
12231.31951
12235.71142
12240.10333
12244.49524
12248.88715
12253.27906
12257.67097
12262.06288
12266.45479
12270.8467
12275.2386
12279.63051
12284.02242
12288.41433
12292.80624
12297.19815
12301.59006
12305.98197
12310.37388
12314.76578
12319.15769
12323.5496
12327.94151
12332.33342
12336.72533
12341.11724
12345.50915
12349.90106
12354.29297
12358.68487
12363.07678
12367.46869
12371.8606
12376.25251
12380.64442
12385.03633
12389.42824
12393.82015
12398.21205
12402.60396
12406.99587
12411.38778
12415.77969
12420.1716
12424.56351
12428.95542
12433.34733
12437.73924
12442.13114
12446.52305
12450.91496
12455.30687
12459.69878
12464.09069
12468.4826
12472.87451
12477.26642
12481.65832
12486.05023
12490.44214
12494.83405
12499.22596
12503.61787
12508.00978
12512.40169
12516.7936
12521.18551
12525.57741
12529.96932
12534.36123
12538.75314
12543.14505
12547.53696
12551.92887
12556.32078
12560.71269
12565.10459
12569.4965
12573.88841
12578.28032
12582.67223
12587.06414
12591.45605
12595.84796
12600.23987
12604.63178
12609.02368
12613.41559
12617.8075
12622.19941
12626.59132
12630.98323
12635.37514
12639.76705
12644.15896
12648.55087
12652.94277
12657.33468
12661.72659
12666.1185
12670.51041
12674.90232
12679.29423
12683.68614
12688.07805
12692.46995
12696.86186
12701.25377
12705.64568
12710.03759
12714.4295
12718.82141
12723.21332
12727.60523
12731.99714
12736.38904
12740.78095
12745.17286
12749.56477
12753.95668
12758.34859
12762.7405
12767.13241
12771.52432
12775.91622
12780.30813
12784.70004
12789.09195
12793.48386
12797.87577
12802.26768
12806.65959
12811.0515
12815.44341
12819.83531
12824.22722
12828.61913
12833.01104
12837.40295
12841.79486
12846.18677
12850.57868
12854.97059
12859.36249
12863.7544
12868.14631
12872.53822
12876.93013
12881.32204
12885.71395
12890.10586
12894.49777
12898.88968
12903.28158
12907.67349
12912.0654
12916.45731
12920.84922
12925.24113
12929.63304
12934.02495
12938.41686
12942.80876
12947.20067
12951.59258
12955.98449
12960.3764
12964.76831
12969.16022
12973.55213
12977.94404
12982.33595
12986.72785
12991.11976
12995.51167
12999.90358
13004.29549
13008.6874
13013.07931
13017.47122
13021.86313
13026.25503
13030.64694
13035.03885
13039.43076
13043.82267
13048.21458
13052.60649
13056.9984
13061.39031
13065.78222
13070.17412
13074.56603
13078.95794
13083.34985
13087.74176
13092.13367
13096.52558
13100.91749
13105.3094
13109.7013
13114.09321
13118.48512
13122.87703
13127.26894
13131.66085
13136.05276
13140.44467
13144.83658
13149.22849
13153.62039
13158.0123
13162.40421
13166.79612
13171.18803
13175.57994
13179.97185
13184.36376
13188.75567
13193.14757
13197.53948
13201.93139
13206.3233
13210.71521
13215.10712
13219.49903
13223.89094
13228.28285
13232.67476
13237.06666
13241.45857
13245.85048
13250.24239
13254.6343
13259.02621
13263.41812
13267.81003
13272.20194
13276.59384
13280.98575
13285.37766
13289.76957
13294.16148
13298.55339
13302.9453
13307.33721
13311.72912
13316.12103
13320.51293
13324.90484
13329.29675
13333.68866
13338.08057
13342.47248
13346.86439
13351.2563
13355.64821
13360.04011
13364.43202
13368.82393
13373.21584
13377.60775
13381.99966
13386.39157
13390.78348
13395.17539
13399.5673
13403.9592
13408.35111
13412.74302
13417.13493
13421.52684
13425.91875
13430.31066
13434.70257
13439.09448
13443.48638
13447.87829
13452.2702
13456.66211
13461.05402
13465.44593
13469.83784
13474.22975
13478.62166
13483.01357
13487.40547
13491.79738
13496.18929
13500.5812
13504.97311
13509.36502
13513.75693
13518.14884
13522.54075
13526.93265
13531.32456
13535.71647
13540.10838
13544.50029
13548.8922
13553.28411
13557.67602
13562.06793
13566.45984
13570.85174
13575.24365
13579.63556
13584.02747
13588.41938
13592.81129
13597.2032
13601.59511
13605.98702
13610.37892
13614.77083
13619.16274
13623.55465
13627.94656
13632.33847
13636.73038
13641.12229
13645.5142
13649.90611
13654.29801
13658.68992
13663.08183
13667.47374
13671.86565
13676.25756
13680.64947
13685.04138
13689.43329
13693.82519
13698.2171
13702.60901
13707.00092
13711.39283
13715.78474
13720.17665
13724.56856
13728.96047
13733.35238
13737.74428
13742.13619
13746.5281
13750.92001
13755.31192
13759.70383
13764.09574
13768.48765
13772.87956
13777.27146
13781.66337
13786.05528
13790.44719
13794.8391
13799.23101
13803.62292
13808.01483
13812.40674
13816.79865
13821.19055
13825.58246
13829.97437
13834.36628
13838.75819
13843.1501
13847.54201
13851.93392
13856.32583
13860.71773
13865.10964
13869.50155
13873.89346
13878.28537
13882.67728
13887.06919
13891.4611
13895.85301
13900.24492
13904.63682
13909.02873
13913.42064
13917.81255
13922.20446
13926.59637
13930.98828
13935.38019
13939.7721
13944.164
13948.55591
13952.94782
13957.33973
13961.73164
13966.12355
13970.51546
13974.90737
13979.29928
13983.69119
13988.08309
13992.475
13996.86691
14001.25882
14005.65073
14010.04264
14014.43455
14018.82646
14023.21837
14027.61028
14032.00218
14036.39409
14040.786
14045.17791
14049.56982
14053.96173
14058.35364
14062.74555
14067.13746
14071.52936
14075.92127
14080.31318
14084.70509
14089.097
14093.48891
14097.88082
14102.27273
14106.66464
14111.05655
14115.44845
14119.84036
14124.23227
14128.62418
14133.01609
14137.408
14141.79991
14146.19182
14150.58373
14154.97563
14159.36754
14163.75945
14168.15136
14172.54327
14176.93518
14181.32709
14185.719
14190.11091
14194.50282
14198.89472
14203.28663
14207.67854
14212.07045
14216.46236
14220.85427
14225.24618
14229.63809
14234.03
14238.4219
14242.81381
14247.20572
14251.59763
14255.98954
14260.38145
14264.77336
14269.16527
14273.55718
14277.94909
14282.34099
14286.7329
14291.12481
14295.51672
14299.90863
14304.30054
14308.69245
14313.08436
14317.47627
14321.86817
14326.26008
14330.65199
14335.0439
14339.43581
14343.82772
14348.21963
14352.61154
14357.00345
14361.39536
14365.78726
14370.17917
14374.57108
14378.96299
14383.3549
14387.74681
14392.13872
14396.53063
14400.92254
14405.31444
14409.70635
14414.09826
14418.49017
14422.88208
14427.27399
14431.6659
14436.05781
14440.44972
14444.84163
14449.23353
14453.62544
14458.01735
14462.40926
14466.80117
14471.19308
14475.58499
14479.9769
14484.36881
14488.76071
14493.15262
14497.54453
14501.93644
14506.32835
14510.72026
14515.11217
14519.50408
14523.89599
14528.2879
14532.6798
14537.07171
14541.46362
14545.85553
14550.24744
14554.63935
14559.03126
14563.42317
14567.81508
14572.20698
14576.59889
14580.9908
14585.38271
14589.77462
14594.16653
14598.55844
14602.95035
14607.34226
14611.73417
14616.12607
14620.51798
14624.90989
14629.3018
14633.69371
14638.08562
14642.47753
14646.86944
14651.26135
14655.65325
14660.04516
14664.43707
14668.82898
14673.22089
14677.6128
14682.00471
14686.39662
14690.78853
14695.18044
14699.57234
14703.96425
14708.35616
14712.74807
14717.13998
14721.53189
14725.9238
14730.31571
14734.70762
14739.09952
14743.49143
14747.88334
14752.27525
14756.66716
14761.05907
14765.45098
14769.84289
14774.2348
14778.62671
14783.01861
14787.41052
14791.80243
14796.19434
14800.58625
14804.97816
14809.37007
14813.76198
14818.15389
14822.54579
14826.9377
14831.32961
14835.72152
14840.11343
14844.50534
14848.89725
14853.28916
14857.68107
14862.07298
14866.46488
14870.85679
14875.2487
14879.64061
14884.03252
14888.42443
14892.81634
14897.20825
14901.60016
14905.99206
14910.38397
14914.77588
14919.16779
14923.5597
14927.95161
14932.34352
14936.73543
14941.12734
14945.51925
14949.91115
14954.30306
14958.69497
14963.08688
14967.47879
14971.8707
14976.26261
14980.65452
14985.04643
14989.43833
14993.83024
14998.22215
15002.61406
15007.00597
15011.39788
15015.78979
15020.1817
15024.57361
15028.96552
15033.35742
15037.74933
15042.14124
15046.53315
15050.92506
15055.31697
15059.70888
15064.10079
15068.4927
15072.8846
15077.27651
15081.66842
15086.06033
15090.45224
15094.84415
15099.23606
15103.62797
15108.01988
15112.41179
15116.80369
15121.1956
15125.58751
15129.97942
15134.37133
15138.76324
15143.15515
15147.54706
15151.93897
15156.33087
15160.72278
15165.11469
15169.5066
15173.89851
15178.29042
15182.68233
15187.07424
15191.46615
15195.85806
15200.24996
15204.64187
15209.03378
15213.42569
15217.8176
15222.20951
15226.60142
15230.99333
15235.38524
15239.77714
15244.16905
15248.56096
15252.95287
15257.34478
15261.73669
15266.1286
15270.52051
15274.91242
15279.30433
15283.69623
15288.08814
15292.48005
15296.87196
15301.26387
15305.65578
15310.04769
15314.4396
15318.83151
15323.22341
15327.61532
15332.00723
15336.39914
15340.79105
15345.18296
15349.57487
15353.96678
15358.35869
15362.7506
15367.1425
15371.53441
15375.92632
15380.31823
15384.71014
15389.10205
15393.49396
15397.88587
15402.27778
15406.66969
15411.06159
15415.4535
15419.84541
15424.23732
15428.62923
15433.02114
15437.41305
15441.80496
15446.19687
15450.58877
15454.98068
15459.37259
15463.7645
15468.15641
15472.54832
15476.94023
15481.33214
15485.72405
15490.11596
15494.50786
15498.89977
15503.29168
15507.68359
15512.0755
15516.46741
15520.85932
15525.25123
15529.64314
15534.03504
15538.42695
15542.81886
15547.21077
15551.60268
15555.99459
15560.3865
15564.77841
15569.17032
15573.56223
15577.95413
15582.34604
15586.73795
15591.12986
15595.52177
15599.91368
15604.30559
15608.6975
15613.08941
15617.48131
15621.87322
15626.26513
15630.65704
15635.04895
15639.44086
15643.83277
15648.22468
15652.61659
15657.0085
15661.4004
15665.79231
15670.18422
15674.57613
15678.96804
15683.35995
15687.75186
15692.14377
15696.53568
15700.92758
15705.31949
15709.7114
15714.10331
15718.49522
15722.88713
15727.27904
15731.67095
15736.06286
15740.45477
15744.84667
15749.23858
15753.63049
15758.0224
15762.41431
15766.80622
15771.19813
15775.59004
15779.98195
15784.37385
15788.76576
15793.15767
15797.54958
15801.94149
15806.3334
15810.72531
15815.11722
15819.50913
15823.90104
15828.29294
15832.68485
15837.07676
15841.46867
15845.86058
15850.25249
15854.6444
15859.03631
15863.42822
15867.82012
15872.21203
15876.60394
15880.99585
15885.38776
15889.77967
15894.17158
15898.56349
15902.9554
15907.34731
15911.73921
15916.13112
15920.52303
15924.91494
15929.30685
15933.69876
15938.09067
15942.48258
15946.87449
15951.26639
15955.6583
15960.05021
15964.44212
15968.83403
15973.22594
15977.61785
15982.00976
15986.40167
15990.79358
15995.18548
15999.57739
16003.9693
16008.36121
16012.75312
16017.14503
16021.53694
16025.92885
16030.32076
16034.71266
16039.10457
16043.49648
16047.88839
16052.2803
16056.67221
16061.06412
16065.45603
16069.84794
16074.23985
16078.63175
16083.02366
16087.41557
16091.80748
16096.19939
16100.5913
16104.98321
16109.37512
16113.76703
16118.15893
16122.55084
16126.94275
16131.33466
16135.72657
16140.11848
16144.51039
16148.9023
16153.29421
16157.68612
16162.07802
16166.46993
16170.86184
16175.25375
16179.64566
16184.03757
16188.42948
16192.82139
16197.2133
16201.6052
16205.99711
16210.38902
16214.78093
16219.17284
16223.56475
16227.95666
16232.34857
16236.74048
16241.13239
16245.52429
16249.9162
16254.30811
16258.70002
16263.09193
16267.48384
16271.87575
16276.26766
16280.65957
16285.05147
16289.44338
16293.83529
16298.2272
16302.61911
16307.01102
16311.40293
16315.79484
16320.18675
16324.57866
16328.97056
16333.36247
16337.75438
16342.14629
16346.5382
16350.93011
16355.32202
16359.71393
16364.10584
16368.49774
16372.88965
16377.28156
16381.67347
16386.06538
16390.45729
16394.8492
16399.24111
16403.63302
16408.02493
16412.41683
16416.80874
16421.20065
16425.59256
16429.98447
16434.37638
16438.76829
16443.1602
16447.55211
16451.94401
16456.33592
16460.72783
16465.11974
16469.51165
16473.90356
16478.29547
16482.68738
16487.07929
16491.4712
16495.8631
16500.25501
16504.64692
16509.03883
16513.43074
16517.82265
16522.21456
16526.60647
16530.99838
16535.39028
16539.78219
16544.1741
16548.56601
16552.95792
16557.34983
16561.74174
16566.13365
16570.52556
16574.91747
16579.30937
16583.70128
16588.09319
16592.4851
16596.87701
16601.26892
16605.66083
16610.05274
16614.44465
16618.83655
16623.22846
16627.62037
16632.01228
16636.40419
16640.7961
16645.18801
16649.57992
16653.97183
16658.36374
16662.75564
16667.14755
16671.53946
16675.93137
16680.32328
16684.71519
16689.1071
16693.49901
16697.89092
16702.28282
16706.67473
16711.06664
16715.45855
16719.85046
16724.24237
16728.63428
16733.02619
16737.4181
16741.81001
16746.20191
16750.59382
16754.98573
16759.37764
16763.76955
16768.16146
16772.55337
16776.94528
16781.33719
16785.7291
16790.121
16794.51291
16798.90482
16803.29673
16807.68864
16812.08055
16816.47246
16820.86437
16825.25628
16829.64818
16834.04009
16838.432
16842.82391
16847.21582
16851.60773
16855.99964
16860.39155
16864.78346
16869.17537
16873.56727
16877.95918
16882.35109
16886.743
16891.13491
16895.52682
16899.91873
16904.31064
16908.70255
16913.09445
16917.48636
16921.87827
16926.27018
16930.66209
16935.054
16939.44591
16943.83782
16948.22973
16952.62164
16957.01354
16961.40545
16965.79736
16970.18927
16974.58118
16978.97309
16983.365
16987.75691
16992.14882
16996.54072
17000.93263
17005.32454
17009.71645
17014.10836
17018.50027
17022.89218
17027.28409
17031.676
17036.06791
17040.45981
17044.85172
17049.24363
17053.63554
17058.02745
17062.41936
17066.81127
17071.20318
17075.59509
17079.98699
17084.3789
17088.77081
17093.16272
17097.55463
17101.94654
17106.33845
17110.73036
17115.12227
17119.51418
17123.90608
17128.29799
17132.6899
17137.08181
17141.47372
17145.86563
17150.25754
17154.64945
17159.04136
17163.43326
17167.82517
17172.21708
17176.60899
17181.0009
17185.39281
17189.78472
17194.17663
17198.56854
17202.96045
17207.35235
17211.74426
17216.13617
17220.52808
17224.91999
17229.3119
17233.70381
17238.09572
17242.48763
17246.87953
17251.27144
17255.66335
17260.05526
17264.44717
17268.83908
17273.23099
17277.6229
17282.01481
17286.40672
17290.79862
17295.19053
17299.58244
17303.97435
17308.36626
17312.75817
17317.15008
17321.54199
17325.9339
17330.3258
17334.71771
17339.10962
17343.50153
17347.89344
17352.28535
17356.67726
17361.06917
17365.46108
17369.85299
17374.24489
17378.6368
17383.02871
17387.42062
17391.81253
17396.20444
17400.59635
17404.98826
17409.38017
17413.77207
17418.16398
17422.55589
17426.9478
17431.33971
17435.73162
17440.12353
17444.51544
17448.90735
17453.29926
17457.69116
17462.08307
17466.47498
17470.86689
17475.2588
17479.65071
17484.04262
17488.43453
17492.82644
17497.21834
17501.61025
17506.00216
17510.39407
17514.78598
17519.17789
17523.5698
17527.96171
17532.35362
17536.74553
17541.13743
17545.52934
17549.92125
17554.31316
17558.70507
17563.09698
17567.48889
17571.8808
17576.27271
17580.66461
17585.05652
17589.44843
17593.84034
17598.23225
17602.62416
17607.01607
17611.40798
17615.79989
17620.1918
17624.5837
17628.97561
17633.36752
17637.75943
17642.15134
17646.54325
17650.93516
17655.32707
17659.71898
17664.11088
17668.50279
17672.8947
17677.28661
17681.67852
17686.07043
17690.46234
17694.85425
17699.24616
17703.63807
17708.02997
17712.42188
17716.81379
17721.2057
17725.59761
17729.98952
17734.38143
17738.77334
17743.16525
17747.55715
17751.94906
17756.34097
17760.73288
17765.12479
17769.5167
17773.90861
17778.30052
17782.69243
17787.08434
17791.47624
17795.86815
17800.26006
17804.65197
17809.04388
17813.43579
17817.8277
17822.21961
17826.61152
17831.00342
17835.39533
17839.78724
17844.17915
17848.57106
17852.96297
17857.35488
17861.74679
17866.1387
17870.53061
17874.92251
17879.31442
17883.70633
17888.09824
17892.49015
17896.88206
17901.27397
17905.66588
17910.05779
17914.44969
17918.8416
17923.23351
17927.62542
17932.01733
17936.40924
17940.80115
17945.19306
17949.58497
17953.97688
17958.36878
17962.76069
17967.1526
17971.54451
17975.93642
17980.32833
17984.72024
17989.11215
17993.50406
17997.89596
18002.28787
18006.67978
18011.07169
18015.4636
18019.85551
18024.24742
18028.63933
18033.03124
18037.42315
18041.81505
18046.20696
18050.59887
18054.99078
18059.38269
18063.7746
18068.16651
18072.55842
18076.95033
18081.34223
18085.73414
18090.12605
18094.51796
18098.90987
18103.30178
18107.69369
18112.0856
18116.47751
18120.86942
18125.26132
18129.65323
18134.04514
18138.43705
18142.82896
18147.22087
18151.61278
18156.00469
18160.3966
18164.78851
18169.18041
18173.57232
18177.96423
18182.35614
18186.74805
18191.13996
18195.53187
18199.92378
18204.31569
18208.70759
18213.0995
18217.49141
18221.88332
18226.27523
18230.66714
18235.05905
18239.45096
18243.84287
18248.23478
18252.62668
18257.01859
18261.4105
18265.80241
18270.19432
18274.58623
18278.97814
18283.37005
18287.76196
18292.15386
18296.54577
18300.93768
18305.32959
18309.7215
18314.11341
18318.50532
18322.89723
18327.28914
18331.68105
18336.07295
18340.46486
18344.85677
18349.24868
18353.64059
18358.0325
18362.42441
18366.81632
18371.20823
18375.60013
18379.99204
18384.38395
18388.77586
18393.16777
18397.55968
18401.95159
18406.3435
18410.73541
18415.12732
18419.51922
18423.91113
18428.30304
18432.69495
18437.08686
18441.47877
18445.87068
18450.26259
18454.6545
18459.0464
18463.43831
18467.83022
18472.22213
18476.61404
18481.00595
18485.39786
18489.78977
18494.18168
18498.57359
18502.96549
18507.3574
18511.74931
18516.14122
18520.53313
18524.92504
18529.31695
18533.70886
18538.10077
18542.49267
18546.88458
18551.27649
18555.6684
18560.06031
18564.45222
18568.84413
18573.23604
18577.62795
18582.01986
18586.41176
18590.80367
18595.19558
18599.58749
18603.9794
18608.37131
18612.76322
18617.15513
18621.54704
18625.93894
18630.33085
18634.72276
18639.11467
18643.50658
18647.89849
18652.2904
18656.68231
18661.07422
18665.46613
18669.85803
18674.24994
18678.64185
18683.03376
18687.42567
18691.81758
18696.20949
18700.6014
18704.99331
18709.38521
18713.77712
18718.16903
18722.56094
18726.95285
18731.34476
18735.73667
18740.12858
18744.52049
18748.9124
18753.3043
18757.69621
18762.08812
18766.48003
18770.87194
18775.26385
18779.65576
18784.04767
18788.43958
18792.83148
18797.22339
18801.6153
18806.00721
18810.39912
18814.79103
18819.18294
18823.57485
18827.96676
18832.35867
18836.75057
18841.14248
18845.53439
18849.9263
18854.31821
18858.71012
18863.10203
18867.49394
18871.88585
18876.27775
18880.66966
18885.06157
18889.45348
18893.84539
18898.2373
18902.62921
18907.02112
18911.41303
18915.80494
18920.19684
18924.58875
18928.98066
18933.37257
18937.76448
18942.15639
18946.5483
18950.94021
18955.33212
18959.72402
18964.11593
18968.50784
18972.89975
18977.29166
18981.68357
18986.07548
18990.46739
18994.8593
18999.25121
19003.64311
19008.03502
19012.42693
19016.81884
19021.21075
19025.60266
19029.99457
19034.38648
19038.77839
19043.17029
19047.5622
19051.95411
19056.34602
19060.73793
19065.12984
19069.52175
19073.91366
19078.30557
19082.69748
19087.08938
19091.48129
19095.8732
19100.26511
19104.65702
19109.04893
19113.44084
19117.83275
19122.22466
19126.61656
19131.00847
19135.40038
19139.79229
19144.1842
19148.57611
19152.96802
19157.35993
19161.75184
19166.14375
19170.53565
19174.92756
19179.31947
19183.71138
19188.10329
19192.4952
19196.88711
19201.27902
19205.67093
19210.06283
19214.45474
19218.84665
19223.23856
19227.63047
19232.02238
19236.41429
19240.8062
19245.19811
19249.59002
19253.98192
19258.37383
19262.76574
19267.15765
19271.54956
19275.94147
19280.33338
19284.72529
19289.1172
19293.5091
19297.90101
19302.29292
19306.68483
19311.07674
19315.46865
19319.86056
19324.25247
19328.64438
19333.03629
19337.42819
19341.8201
19346.21201
19350.60392
19354.99583
19359.38774
19363.77965
19368.17156
19372.56347
19376.95537
19381.34728
19385.73919
19390.1311
19394.52301
19398.91492
19403.30683
19407.69874
19412.09065
19416.48256
19420.87446
19425.26637
19429.65828
19434.05019
19438.4421
19442.83401
19447.22592
19451.61783
19456.00974
19460.40164
19464.79355
19469.18546
19473.57737
19477.96928
19482.36119
19486.7531
19491.14501
19495.53692
19499.92883
19504.32073
19508.71264
19513.10455
19517.49646
19521.88837
19526.28028
19530.67219
19535.0641
19539.45601
19543.84792
19548.23982
19552.63173
19557.02364
19561.41555
19565.80746
19570.19937
19574.59128
19578.98319
19583.3751
19587.767
19592.15891
19596.55082
19600.94273
19605.33464
19609.72655
19614.11846
19618.51037
19622.90228
19627.29419
19631.68609
19636.078
19640.46991
19644.86182
19649.25373
19653.64564
19658.03755
19662.42946
19666.82137
19671.21327
19675.60518
19679.99709
19684.389
19688.78091
19693.17282
19697.56473
19701.95664
19706.34855
19710.74046
19715.13236
19719.52427
19723.91618
19728.30809
19732.7
19737.09191
19741.48382
19745.87573
19750.26764
19754.65954
19759.05145
19763.44336
19767.83527
19772.22718
19776.61909
19781.011
19785.40291
19789.79482
19794.18673
19798.57863
19802.97054
19807.36245
19811.75436
19816.14627
19820.53818
19824.93009
19829.322
19833.71391
19838.10581
19842.49772
19846.88963
19851.28154
19855.67345
19860.06536
19864.45727
19868.84918
19873.24109
19877.633
19882.0249
19886.41681
19890.80872
19895.20063
19899.59254
19903.98445
19908.37636
19912.76827
19917.16018
19921.55208
19925.94399
19930.3359
19934.72781
19939.11972
19943.51163
19947.90354
19952.29545
19956.68736
19961.07927
19965.47117
19969.86308
19974.25499
19978.6469
19983.03881
19987.43072
19991.82263
19996.21454
20000.60645
20004.99835
20009.39026
20013.78217
20018.17408
20022.56599
20026.9579
20031.34981
20035.74172
20040.13363
20044.52554
20048.91744
20053.30935
20057.70126
20062.09317
20066.48508
20070.87699
20075.2689
20079.66081
20084.05272
20088.44462
20092.83653
20097.22844
20101.62035
20106.01226
20110.40417
20114.79608
20119.18799
20123.5799
20127.97181
20132.36371
20136.75562
20141.14753
20145.53944
20149.93135
20154.32326
20158.71517
20163.10708
20167.49899
20171.89089
20176.2828
20180.67471
20185.06662
20189.45853
20193.85044
20198.24235
20202.63426
20207.02617
20211.41808
20215.80998
20220.20189
20224.5938
20228.98571
20233.37762
20237.76953
20242.16144
20246.55335
20250.94526
20255.33716
20259.72907
20264.12098
20268.51289
20272.9048
20277.29671
20281.68862
20286.08053
20290.47244
20294.86435
20299.25625
20303.64816
20308.04007
20312.43198
20316.82389
20321.2158
20325.60771
20329.99962
20334.39153
20338.78343
20343.17534
20347.56725
20351.95916
20356.35107
20360.74298
20365.13489
20369.5268
20373.91871
20378.31062
20382.70252
20387.09443
20391.48634
20395.87825
20400.27016
20404.66207
20409.05398
20413.44589
20417.8378
20422.2297
20426.62161
20431.01352
20435.40543
20439.79734
20444.18925
20448.58116
20452.97307
20457.36498
20461.75689
20466.14879
20470.5407
20474.93261
20479.32452
20483.71643
20488.10834
20492.50025
20496.89216
20501.28407
20505.67597
20510.06788
20514.45979
20518.8517
20523.24361
20527.63552
20532.02743
20536.41934
20540.81125
20545.20316
20549.59506
20553.98697
20558.37888
20562.77079
20567.1627
20571.55461
20575.94652
20580.33843
20584.73034
20589.12224
20593.51415
20597.90606
20602.29797
20606.68988
20611.08179
20615.4737
20619.86561
20624.25752
20628.64943
20633.04133
20637.43324
20641.82515
20646.21706
20650.60897
20655.00088
20659.39279
20663.7847
20668.17661
20672.56851
20676.96042
20681.35233
20685.74424
20690.13615
20694.52806
20698.91997
20703.31188
20707.70379
20712.0957
20716.4876
20720.87951
20725.27142
20729.66333
20734.05524
20738.44715
20742.83906
20747.23097
20751.62288
20756.01478
20760.40669
20764.7986
20769.19051
20773.58242
20777.97433
20782.36624
20786.75815
20791.15006
20795.54197
20799.93387
20804.32578
20808.71769
20813.1096
20817.50151
20821.89342
20826.28533
20830.67724
20835.06915
20839.46105
20843.85296
20848.24487
20852.63678
20857.02869
20861.4206
20865.81251
20870.20442
20874.59633
20878.98824
20883.38014
20887.77205
20892.16396
20896.55587
20900.94778
20905.33969
20909.7316
20914.12351
20918.51542
20922.90733
20927.29923
20931.69114
20936.08305
20940.47496
20944.86687
20949.25878
20953.65069
20958.0426
20962.43451
20966.82641
20971.21832
20975.61023
20980.00214
20984.39405
20988.78596
20993.17787
20997.56978
21001.96169
21006.3536
21010.7455
21015.13741
21019.52932
21023.92123
21028.31314
21032.70505
21037.09696
21041.48887
21045.88078
21050.27268
21054.66459
21059.0565
21063.44841
21067.84032
21072.23223
21076.62414
21081.01605
21085.40796
21089.79987
21094.19177
21098.58368
21102.97559
21107.3675
21111.75941
21116.15132
21120.54323
21124.93514
21129.32705
21133.71895
21138.11086
21142.50277
21146.89468
21151.28659
21155.6785
21160.07041
21164.46232
21168.85423
21173.24614
21177.63804
21182.02995
21186.42186
21190.81377
21195.20568
21199.59759
21203.9895
21208.38141
21212.77332
21217.16522
21221.55713
21225.94904
21230.34095
21234.73286
21239.12477
21243.51668
21247.90859
21252.3005
21256.69241
21261.08431
21265.47622
21269.86813
21274.26004
21278.65195
21283.04386
21287.43577
21291.82768
21296.21959
21300.61149
21305.0034
21309.39531
21313.78722
21318.17913
21322.57104
21326.96295
21331.35486
21335.74677
21340.13868
21344.53058
21348.92249
21353.3144
21357.70631
21362.09822
21366.49013
21370.88204
21375.27395
21379.66586
21384.05776
21388.44967
21392.84158
21397.23349
21401.6254
21406.01731
21410.40922
21414.80113
21419.19304
21423.58495
21427.97685
21432.36876
21436.76067
21441.15258
21445.54449
21449.9364
21454.32831
21458.72022
21463.11213
21467.50403
21471.89594
21476.28785
21480.67976
21485.07167
21489.46358
21493.85549
21498.2474
21502.63931
21507.03122
21511.42312
21515.81503
21520.20694
21524.59885
21528.99076
21533.38267
21537.77458
21542.16649
21546.5584
21550.9503
21555.34221
21559.73412
21564.12603
21568.51794
21572.90985
21577.30176
21581.69367
21586.08558
21590.47749
21594.86939
21599.2613
21603.65321
21608.04512
21612.43703
21616.82894
21621.22085
21625.61276
21630.00467
21634.39657
21638.78848
21643.18039
21647.5723
21651.96421
21656.35612
21660.74803
21665.13994
21669.53185
21673.92376
21678.31566
21682.70757
21687.09948
21691.49139
21695.8833
21700.27521
21704.66712
21709.05903
21713.45094
21717.84284
21722.23475
21726.62666
21731.01857
21735.41048
21739.80239
21744.1943
21748.58621
21752.97812
21757.37003
21761.76193
21766.15384
21770.54575
21774.93766
21779.32957
21783.72148
21788.11339
21792.5053
21796.89721
21801.28911
21805.68102
21810.07293
21814.46484
21818.85675
21823.24866
21827.64057
21832.03248
21836.42439
21840.8163
21845.2082
21849.60011
21853.99202
21858.38393
21862.77584
21867.16775
21871.55966
21875.95157
21880.34348
21884.73538
21889.12729
21893.5192
21897.91111
21902.30302
21906.69493
21911.08684
21915.47875
21919.87066
21924.26257
21928.65447
21933.04638
21937.43829
21941.8302
21946.22211
21950.61402
21955.00593
21959.39784
21963.78975
21968.18165
21972.57356
21976.96547
21981.35738
21985.74929
21990.1412
21994.53311
21998.92502
22003.31693
22007.70884
22012.10074
22016.49265
22020.88456
22025.27647
22029.66838
22034.06029
22038.4522
22042.84411
22047.23602
22051.62792
22056.01983
22060.41174
22064.80365
22069.19556
22073.58747
22077.97938
22082.37129
22086.7632
22091.15511
22095.54701
22099.93892
22104.33083
22108.72274
22113.11465
22117.50656
22121.89847
22126.29038
22130.68229
22135.07419
22139.4661
22143.85801
22148.24992
22152.64183
22157.03374
22161.42565
22165.81756
22170.20947
22174.60138
22178.99328
22183.38519
22187.7771
22192.16901
22196.56092
22200.95283
22205.34474
22209.73665
22214.12856
22218.52046
22222.91237
22227.30428
22231.69619
22236.0881
22240.48001
22244.87192
22249.26383
22253.65574
22258.04765
22262.43955
22266.83146
22271.22337
22275.61528
22280.00719
22284.3991
22288.79101
22293.18292
22297.57483
22301.96674
22306.35864
22310.75055
22315.14246
22319.53437
22323.92628
22328.31819
22332.7101
22337.10201
22341.49392
22345.88582
22350.27773
22354.66964
22359.06155
22363.45346
22367.84537
22372.23728
22376.62919
22381.0211
22385.41301
22389.80491
22394.19682
22398.58873
22402.98064
22407.37255
22411.76446
22416.15637
22420.54828
22424.94019
22429.33209
22433.724
22438.11591
22442.50782
22446.89973
22451.29164
22455.68355
22460.07546
22464.46737
22468.85928
22473.25118
22477.64309
22482.035
22486.42691
22490.81882
22495.21073
22499.60264
22503.99455
22508.38646
22512.77836
22517.17027
22521.56218
22525.95409
22530.346
22534.73791
22539.12982
22543.52173
22547.91364
22552.30555
22556.69745
22561.08936
22565.48127
22569.87318
22574.26509
22578.657
22583.04891
22587.44082
22591.83273
22596.22463
22600.61654
22605.00845
22609.40036
22613.79227
22618.18418
22622.57609
22626.968
22631.35991
22635.75182
22640.14372
22644.53563
22648.92754
22653.31945
22657.71136
22662.10327
22666.49518
22670.88709
22675.279
22679.6709
22684.06281
22688.45472
22692.84663
22697.23854
22701.63045
22706.02236
22710.41427
22714.80618
22719.19809
22723.58999
22727.9819
22732.37381
22736.76572
22741.15763
22745.54954
22749.94145
22754.33336
22758.72527
22763.11717
22767.50908
22771.90099
22776.2929
22780.68481
22785.07672
22789.46863
22793.86054
22798.25245
22802.64436
22807.03626
22811.42817
22815.82008
22820.21199
22824.6039
22828.99581
22833.38772
22837.77963
22842.17154
22846.56344
22850.95535
22855.34726
22859.73917
22864.13108
22868.52299
22872.9149
22877.30681
22881.69872
22886.09063
22890.48253
22894.87444
22899.26635
22903.65826
22908.05017
22912.44208
22916.83399
22921.2259
22925.61781
22930.00971
22934.40162
22938.79353
22943.18544
22947.57735
22951.96926
22956.36117
22960.75308
22965.14499
22969.5369
22973.9288
22978.32071
22982.71262
22987.10453
22991.49644
22995.88835
23000.28026
23004.67217
23009.06408
23013.45598
23017.84789
23022.2398
23026.63171
23031.02362
23035.41553
23039.80744
23044.19935
23048.59126
23052.98317
23057.37507
23061.76698
23066.15889
23070.5508
23074.94271
23079.33462
23083.72653
23088.11844
23092.51035
23096.90225
23101.29416
23105.68607
23110.07798
23114.46989
23118.8618
23123.25371
23127.64562
23132.03753
23136.42944
23140.82134
23145.21325
23149.60516
23153.99707
23158.38898
23162.78089
23167.1728
23171.56471
23175.95662
23180.34852
23184.74043
23189.13234
23193.52425
23197.91616
23202.30807
23206.69998
23211.09189
23215.4838
23219.87571
23224.26761
23228.65952
23233.05143
23237.44334
23241.83525
23246.22716
23250.61907
23255.01098
23259.40289
23263.79479
23268.1867
23272.57861
23276.97052
23281.36243
23285.75434
23290.14625
23294.53816
23298.93007
23303.32198
23307.71388
23312.10579
23316.4977
23320.88961
23325.28152
23329.67343
23334.06534
23338.45725
23342.84916
23347.24106
23351.63297
23356.02488
23360.41679
23364.8087
23369.20061
23373.59252
23377.98443
23382.37634
23386.76825
23391.16015
23395.55206
23399.94397
23404.33588
23408.72779
23413.1197
23417.51161
23421.90352
23426.29543
23430.68733
23435.07924
23439.47115
23443.86306
23448.25497
23452.64688
23457.03879
23461.4307
23465.82261
23470.21452
23474.60642
23478.99833
23483.39024
23487.78215
23492.17406
23496.56597
23500.95788
23505.34979
23509.7417
23514.1336
23518.52551
23522.91742
23527.30933
23531.70124
23536.09315
23540.48506
23544.87697
23549.26888
23553.66079
23558.05269
23562.4446
23566.83651
23571.22842
23575.62033
23580.01224
23584.40415
23588.79606
23593.18797
23597.57987
23601.97178
23606.36369
23610.7556
23615.14751
23619.53942
23623.93133
23628.32324
23632.71515
23637.10706
23641.49896
23645.89087
23650.28278
23654.67469
23659.0666
23663.45851
23667.85042
23672.24233
23676.63424
23681.02614
23685.41805
23689.80996
23694.20187
23698.59378
23702.98569
23707.3776
23711.76951
23716.16142
23720.55333
23724.94523
23729.33714
23733.72905
23738.12096
23742.51287
23746.90478
23751.29669
23755.6886
23760.08051
23764.47242
23768.86432
23773.25623
23777.64814
23782.04005
23786.43196
23790.82387
23795.21578
23799.60769
23803.9996
23808.3915
23812.78341
23817.17532
23821.56723
23825.95914
23830.35105
23834.74296
23839.13487
23843.52678
23847.91869
23852.31059
23856.7025
23861.09441
23865.48632
23869.87823
23874.27014
23878.66205
23883.05396
23887.44587
23891.83777
23896.22968
23900.62159
23905.0135
23909.40541
23913.79732
23918.18923
23922.58114
23926.97305
23931.36496
23935.75686
23940.14877
23944.54068
23948.93259
23953.3245
23957.71641
23962.10832
23966.50023
23970.89214
23975.28404
23979.67595
23984.06786
23988.45977
23992.85168
23997.24359
24001.6355
24006.02741
24010.41932
24014.81123
24019.20313
24023.59504
24027.98695
24032.37886
24036.77077
24041.16268
24045.55459
24049.9465
24054.33841
24058.73031
24063.12222
24067.51413
24071.90604
24076.29795
24080.68986
24085.08177
24089.47368
24093.86559
24098.2575
24102.6494
24107.04131
24111.43322
24115.82513
24120.21704
24124.60895
24129.00086
24133.39277
24137.78468
24142.17658
24146.56849
24150.9604
24155.35231
24159.74422
24164.13613
24168.52804
24172.91995
24177.31186
24181.70377
24186.09567
24190.48758
24194.87949
24199.2714
24203.66331
24208.05522
24212.44713
24216.83904
24221.23095
24225.62285
24230.01476
24234.40667
24238.79858
24243.19049
24247.5824
24251.97431
24256.36622
24260.75813
24265.15004
24269.54194
24273.93385
24278.32576
24282.71767
24287.10958
24291.50149
24295.8934
24300.28531
24304.67722
24309.06912
24313.46103
24317.85294
24322.24485
24326.63676
24331.02867
24335.42058
24339.81249
24344.2044
24348.59631
24352.98821
24357.38012
24361.77203
24366.16394
24370.55585
24374.94776
24379.33967
24383.73158
24388.12349
24392.51539
24396.9073
24401.29921
24405.69112
24410.08303
24414.47494
24418.86685
24423.25876
24427.65067
24432.04258
24436.43448
24440.82639
24445.2183
24449.61021
24454.00212
24458.39403
24462.78594
24467.17785
24471.56976
24475.96166
24480.35357
24484.74548
24489.13739
24493.5293
24497.92121
24502.31312
24506.70503
24511.09694
24515.48885
24519.88075
24524.27266
24528.66457
24533.05648
24537.44839
24541.8403
24546.23221
24550.62412
24555.01603
24559.40793
24563.79984
24568.19175
24572.58366
24576.97557
24581.36748
24585.75939
24590.1513
24594.54321
24598.93512
24603.32702
24607.71893
24612.11084
24616.50275
24620.89466
24625.28657
24629.67848
24634.07039
24638.4623
24642.8542
24647.24611
24651.63802
24656.02993
24660.42184
24664.81375
24669.20566
24673.59757
24677.98948
24682.38139
24686.77329
24691.1652
24695.55711
24699.94902
24704.34093
24708.73284
24713.12475
24717.51666
24721.90857
24726.30047
24730.69238
24735.08429
24739.4762
24743.86811
24748.26002
24752.65193
24757.04384
24761.43575
24765.82766
24770.21956
24774.61147
24779.00338
24783.39529
24787.7872
24792.17911
24796.57102
24800.96293
24805.35484
24809.74674
24814.13865
24818.53056
24822.92247
24827.31438
24831.70629
24836.0982
24840.49011
24844.88202
24849.27393
24853.66583
24858.05774
24862.44965
24866.84156
24871.23347
24875.62538
24880.01729
24884.4092
24888.80111
24893.19301
24897.58492
24901.97683
24906.36874
24910.76065
24915.15256
24919.54447
24923.93638
24928.32829
24932.7202
24937.1121
24941.50401
24945.89592
24950.28783
24954.67974
24959.07165
24963.46356
24967.85547
24972.24738
24976.63928
24981.03119
24985.4231
24989.81501
24994.20692
24998.59883
25002.99074
25007.38265
25011.77456
25016.16647
25020.55837
25024.95028
25029.34219
25033.7341
25038.12601
25042.51792
25046.90983
25051.30174
25055.69365
25060.08555
25064.47746
25068.86937
25073.26128
25077.65319
25082.0451
25086.43701
25090.82892
25095.22083
25099.61274
25104.00464
25108.39655
25112.78846
25117.18037
25121.57228
25125.96419
25130.3561
25134.74801
25139.13992
25143.53183
25147.92373
25152.31564
25156.70755
25161.09946
25165.49137
25169.88328
25174.27519
25178.6671
25183.05901
25187.45091
25191.84282
25196.23473
25200.62664
25205.01855
25209.41046
25213.80237
25218.19428
25222.58619
25226.9781
25231.37
25235.76191
25240.15382
25244.54573
25248.93764
25253.32955
25257.72146
25262.11337
25266.50528
25270.89718
25275.28909
25279.681
25284.07291
25288.46482
25292.85673
25297.24864
25301.64055
25306.03246
25310.42437
25314.81627
25319.20818
25323.60009
25327.992
25332.38391
25336.77582
25341.16773
25345.55964
25349.95155
25354.34345
25358.73536
25363.12727
25367.51918
25371.91109
25376.303
25380.69491
25385.08682
25389.47873
25393.87064
25398.26254
25402.65445
25407.04636
25411.43827
25415.83018
25420.22209
25424.614
25429.00591
25433.39782
25437.78972
25442.18163
25446.57354
25450.96545
25455.35736
25459.74927
25464.14118
25468.53309
25472.925
25477.31691
25481.70881
25486.10072
25490.49263
25494.88454
25499.27645
25503.66836
25508.06027
25512.45218
25516.84409
25521.23599
25525.6279
25530.01981
25534.41172
25538.80363
25543.19554
25547.58745
25551.97936
25556.37127
25560.76318
25565.15508
25569.54699
25573.9389
25578.33081
25582.72272
25587.11463
25591.50654
25595.89845
25600.29036
25604.68226
25609.07417
25613.46608
25617.85799
25622.2499
25626.64181
25631.03372
25635.42563
25639.81754
25644.20945
25648.60135
25652.99326
25657.38517
25661.77708
25666.16899
25670.5609
25674.95281
25679.34472
25683.73663
25688.12853
25692.52044
25696.91235
25701.30426
25705.69617
25710.08808
25714.47999
25718.8719
25723.26381
25727.65572
25732.04762
25736.43953
25740.83144
25745.22335
25749.61526
25754.00717
25758.39908
25762.79099
25767.1829
25771.5748
25775.96671
25780.35862
25784.75053
25789.14244
25793.53435
25797.92626
25802.31817
25806.71008
25811.10199
25815.49389
25819.8858
25824.27771
25828.66962
25833.06153
25837.45344
25841.84535
25846.23726
25850.62917
25855.02107
25859.41298
25863.80489
25868.1968
25872.58871
25876.98062
25881.37253
25885.76444
25890.15635
25894.54826
25898.94016
25903.33207
25907.72398
25912.11589
25916.5078
25920.89971
25925.29162
25929.68353
25934.07544
25938.46734
25942.85925
25947.25116
25951.64307
25956.03498
25960.42689
25964.8188
25969.21071
25973.60262
25977.99453
25982.38643
25986.77834
25991.17025
25995.56216
25999.95407
26004.34598
26008.73789
26013.1298
26017.52171
26021.91361
26026.30552
26030.69743
26035.08934
26039.48125
26043.87316
26048.26507
26052.65698
26057.04889
26061.4408
26065.8327
26070.22461
26074.61652
26079.00843
26083.40034
26087.79225
26092.18416
26096.57607
26100.96798
26105.35988
26109.75179
26114.1437
26118.53561
26122.92752
26127.31943
26131.71134
26136.10325
26140.49516
26144.88707
26149.27897
26153.67088
26158.06279
26162.4547
26166.84661
26171.23852
26175.63043
26180.02234
26184.41425
26188.80615
26193.19806
26197.58997
26201.98188
26206.37379
26210.7657
26215.15761
26219.54952
26223.94143
26228.33334
26232.72524
26237.11715
26241.50906
26245.90097
26250.29288
26254.68479
26259.0767
26263.46861
26267.86052
26272.25242
26276.64433
26281.03624
26285.42815
26289.82006
26294.21197
26298.60388
26302.99579
26307.3877
26311.77961
26316.17151
26320.56342
26324.95533
26329.34724
26333.73915
26338.13106
26342.52297
26346.91488
26351.30679
26355.69869
26360.0906
26364.48251
26368.87442
26373.26633
26377.65824
26382.05015
26386.44206
26390.83397
26395.22588
26399.61778
26404.00969
26408.4016
26412.79351
26417.18542
26421.57733
26425.96924
26430.36115
26434.75306
26439.14496
26443.53687
26447.92878
26452.32069
26456.7126
26461.10451
26465.49642
26469.88833
26474.28024
26478.67215
26483.06405
26487.45596
26491.84787
26496.23978
26500.63169
26505.0236
26509.41551
26513.80742
26518.19933
26522.59124
26526.98314
26531.37505
26535.76696
26540.15887
26544.55078
26548.94269
26553.3346
26557.72651
26562.11842
26566.51032
26570.90223
26575.29414
26579.68605
26584.07796
26588.46987
26592.86178
26597.25369
26601.6456
26606.03751
26610.42941
26614.82132
26619.21323
26623.60514
26627.99705
26632.38896
26636.78087
26641.17278
26645.56469
26649.95659
26654.3485
26658.74041
26663.13232
26667.52423
26671.91614
26676.30805
26680.69996
26685.09187
26689.48378
26693.87568
26698.26759
26702.6595
26707.05141
26711.44332
26715.83523
26720.22714
26724.61905
26729.01096
26733.40286
26737.79477
26742.18668
26746.57859
26750.9705
26755.36241
26759.75432
26764.14623
26768.53814
26772.93005
26777.32195
26781.71386
26786.10577
26790.49768
26794.88959
26799.2815
26803.67341
26808.06532
26812.45723
26816.84913
26821.24104
26825.63295
26830.02486
26834.41677
26838.80868
26843.20059
26847.5925
26851.98441
26856.37632
26860.76822
26865.16013
26869.55204
26873.94395
26878.33586
26882.72777
26887.11968
26891.51159
26895.9035
26900.2954
26904.68731
26909.07922
26913.47113
26917.86304
26922.25495
26926.64686
26931.03877
26935.43068
26939.82259
26944.21449
26948.6064
26952.99831
26957.39022
26961.78213
26966.17404
26970.56595
26974.95786
26979.34977
26983.74167
26988.13358
26992.52549
26996.9174
27001.30931
27005.70122
27010.09313
27014.48504
27018.87695
27023.26886
27027.66076
27032.05267
27036.44458
27040.83649
27045.2284
27049.62031
27054.01222
27058.40413
27062.79604
27067.18794
27071.57985
27075.97176
27080.36367
27084.75558
27089.14749
27093.5394
27097.93131
27102.32322
27106.71513
27111.10703
27115.49894
27119.89085
27124.28276
27128.67467
27133.06658
27137.45849
27141.8504
27146.24231
27150.63421
27155.02612
27159.41803
27163.80994
27168.20185
27172.59376
27176.98567
27181.37758
27185.76949
27190.1614
27194.5533
27198.94521
27203.33712
27207.72903
27212.12094
27216.51285
27220.90476
27225.29667
27229.68858
27234.08048
27238.47239
27242.8643
27247.25621
27251.64812
27256.04003
27260.43194
27264.82385
27269.21576
27273.60767
27277.99957
27282.39148
27286.78339
27291.1753
27295.56721
27299.95912
27304.35103
27308.74294
27313.13485
27317.52675
27321.91866
27326.31057
27330.70248
27335.09439
27339.4863
27343.87821
27348.27012
27352.66203
27357.05394
27361.44584
27365.83775
27370.22966
27374.62157
27379.01348
27383.40539
27387.7973
27392.18921
27396.58112
27400.97302
27405.36493
27409.75684
27414.14875
27418.54066
27422.93257
27427.32448
27431.71639
27436.1083
27440.50021
27444.89211
27449.28402
27453.67593
27458.06784
27462.45975
27466.85166
27471.24357
27475.63548
27480.02739
27484.41929
27488.8112
27493.20311
27497.59502
27501.98693
27506.37884
27510.77075
27515.16266
27519.55457
27523.94648
27528.33838
27532.73029
27537.1222
27541.51411
27545.90602
27550.29793
27554.68984
27559.08175
27563.47366
27567.86556
27572.25747
27576.64938
27581.04129
27585.4332
27589.82511
27594.21702
27598.60893
27603.00084
27607.39275
27611.78465
27616.17656
27620.56847
27624.96038
27629.35229
27633.7442
27638.13611
27642.52802
27646.91993
27651.31183
27655.70374
27660.09565
27664.48756
27668.87947
27673.27138
27677.66329
27682.0552
27686.44711
27690.83902
27695.23092
27699.62283
27704.01474
27708.40665
27712.79856
27717.19047
27721.58238
27725.97429
27730.3662
27734.7581
27739.15001
27743.54192
27747.93383
27752.32574
27756.71765
27761.10956
27765.50147
27769.89338
27774.28529
27778.67719
27783.0691
27787.46101
27791.85292
27796.24483
27800.63674
27805.02865
27809.42056
27813.81247
27818.20437
27822.59628
27826.98819
27831.3801
27835.77201
27840.16392
27844.55583
27848.94774
27853.33965
27857.73156
27862.12346
27866.51537
27870.90728
27875.29919
27879.6911
27884.08301
27888.47492
27892.86683
27897.25874
27901.65065
27906.04255
27910.43446
27914.82637
27919.21828
27923.61019
27928.0021
27932.39401
27936.78592
27941.17783
27945.56973
27949.96164
27954.35355
27958.74546
27963.13737
27967.52928
27971.92119
27976.3131
27980.70501
27985.09692
27989.48882
27993.88073
27998.27264
28002.66455
28007.05646
28011.44837
28015.84028
28020.23219
28024.6241
28029.016
28033.40791
28037.79982
28042.19173
28046.58364
28050.97555
28055.36746
28059.75937
28064.15128
28068.54319
28072.93509
28077.327
28081.71891
28086.11082
28090.50273
28094.89464
28099.28655
28103.67846
28108.07037
28112.46227
28116.85418
28121.24609
28125.638
28130.02991
28134.42182
28138.81373
28143.20564
28147.59755
28151.98946
28156.38136
28160.77327
28165.16518
28169.55709
28173.949
28178.34091
28182.73282
28187.12473
28191.51664
28195.90854
28200.30045
28204.69236
28209.08427
28213.47618
28217.86809
28222.26
28226.65191
28231.04382
28235.43573
28239.82763
28244.21954
28248.61145
28253.00336
28257.39527
28261.78718
28266.17909
28270.571
28274.96291
28279.35481
28283.74672
28288.13863
28292.53054
28296.92245
28301.31436
28305.70627
28310.09818
28314.49009
28318.882
28323.2739
28327.66581
28332.05772
28336.44963
28340.84154
28345.23345
28349.62536
28354.01727
28358.40918
28362.80108
28367.19299
28371.5849
28375.97681
28380.36872
28384.76063
28389.15254
28393.54445
28397.93636
28402.32827
28406.72017
28411.11208
28415.50399
28419.8959
28424.28781
28428.67972
28433.07163
28437.46354
28441.85545
28446.24735
28450.63926
28455.03117
28459.42308
28463.81499
28468.2069
28472.59881
28476.99072
28481.38263
28485.77454
28490.16644
28494.55835
28498.95026
28503.34217
28507.73408
28512.12599
28516.5179
28520.90981
28525.30172
28529.69362
28534.08553
28538.47744
28542.86935
28547.26126
28551.65317
28556.04508
28560.43699
28564.8289
28569.22081
28573.61271
28578.00462
28582.39653
28586.78844
28591.18035
28595.57226
28599.96417
28604.35608
28608.74799
28613.13989
28617.5318
28621.92371
28626.31562
28630.70753
28635.09944
28639.49135
28643.88326
28648.27517
28652.66708
28657.05898
28661.45089
28665.8428
28670.23471
28674.62662
28679.01853
28683.41044
28687.80235
28692.19426
28696.58616
28700.97807
28705.36998
28709.76189
28714.1538
28718.54571
28722.93762
28727.32953
28731.72144
28736.11335
28740.50525
28744.89716
28749.28907
28753.68098
28758.07289
28762.4648
28766.85671
28771.24862
28775.64053
28780.03243
28784.42434
28788.81625
28793.20816
28797.60007
28801.99198
28806.38389
28810.7758
28815.16771
28819.55962
28823.95152
28828.34343
28832.73534
28837.12725
28841.51916
28845.91107
28850.30298
28854.69489
28859.0868
28863.4787
28867.87061
28872.26252
28876.65443
28881.04634
28885.43825
28889.83016
28894.22207
28898.61398
28903.00589
28907.39779
28911.7897
28916.18161
28920.57352
28924.96543
28929.35734
28933.74925
28938.14116
28942.53307
28946.92497
28951.31688
28955.70879
28960.1007
28964.49261
28968.88452
28973.27643
28977.66834
28982.06025
28986.45216
28990.84406
28995.23597
28999.62788
29004.01979
29008.4117
29012.80361
29017.19552
29021.58743
29025.97934
29030.37124
29034.76315
29039.15506
29043.54697
29047.93888
29052.33079
29056.7227
29061.11461
29065.50652
29069.89843
29074.29033
29078.68224
29083.07415
29087.46606
29091.85797
29096.24988
29100.64179
29105.0337
29109.42561
29113.81751
29118.20942
29122.60133
29126.99324
29131.38515
29135.77706
29140.16897
29144.56088
29148.95279
29153.3447
29157.7366
29162.12851
29166.52042
29170.91233
29175.30424
29179.69615
29184.08806
29188.47997
29192.87188
29197.26378
29201.65569
29206.0476
29210.43951
29214.83142
29219.22333
29223.61524
29228.00715
29232.39906
29236.79097
29241.18287
29245.57478
29249.96669
29254.3586
29258.75051
29263.14242
29267.53433
29271.92624
29276.31815
29280.71006
29285.10196
29289.49387
29293.88578
29298.27769
29302.6696
29307.06151
29311.45342
29315.84533
29320.23724
29324.62914
29329.02105
29333.41296
29337.80487
29342.19678
29346.58869
29350.9806
29355.37251
29359.76442
29364.15633
29368.54823
29372.94014
29377.33205
29381.72396
29386.11587
29390.50778
29394.89969
29399.2916
29403.68351
29408.07541
29412.46732
29416.85923
29421.25114
29425.64305
29430.03496
29434.42687
29438.81878
29443.21069
29447.6026
29451.9945
29456.38641
29460.77832
29465.17023
29469.56214
29473.95405
29478.34596
29482.73787
29487.12978
29491.52168
29495.91359
29500.3055
29504.69741
29509.08932
29513.48123
29517.87314
29522.26505
29526.65696
29531.04887
29535.44077
29539.83268
29544.22459
29548.6165
29553.00841
29557.40032
29561.79223
29566.18414
29570.57605
29574.96795
29579.35986
29583.75177
29588.14368
29592.53559
29596.9275
29601.31941
29605.71132
29610.10323
29614.49514
29618.88704
29623.27895
29627.67086
29632.06277
29636.45468
29640.84659
29645.2385
29649.63041
29654.02232
29658.41422
29662.80613
29667.19804
29671.58995
29675.98186
29680.37377
29684.76568
29689.15759
29693.5495
29697.94141
29702.33331
29706.72522
29711.11713
29715.50904
29719.90095
29724.29286
29728.68477
29733.07668
29737.46859
29741.86049
29746.2524
29750.64431
29755.03622
29759.42813
29763.82004
29768.21195
29772.60386
29776.99577
29781.38768
29785.77958
29790.17149
29794.5634
29798.95531
29803.34722
29807.73913
29812.13104
29816.52295
29820.91486
29825.30676
29829.69867
29834.09058
29838.48249
29842.8744
29847.26631
29851.65822
29856.05013
29860.44204
29864.83395
29869.22585
29873.61776
29878.00967
29882.40158
29886.79349
29891.1854
29895.57731
29899.96922
29904.36113
29908.75303
29913.14494
29917.53685
29921.92876
29926.32067
29930.71258
29935.10449
29939.4964
29943.88831
29948.28022
29952.67212
29957.06403
29961.45594
29965.84785
29970.23976
29974.63167
29979.02358
29983.41549
29987.8074
29992.1993
29996.59121
30000.98312
30005.37503
30009.76694
30014.15885
30018.55076
30022.94267
30027.33458
30031.72649
30036.11839
30040.5103
30044.90221
30049.29412
30053.68603
30058.07794
30062.46985
30066.86176
30071.25367
30075.64557
30080.03748
30084.42939
30088.8213
30093.21321
30097.60512
30101.99703
30106.38894
30110.78085
30115.17276
30119.56466
30123.95657
30128.34848
30132.74039
30137.1323
30141.52421
30145.91612
30150.30803
30154.69994
30159.09184
30163.48375
30167.87566
30172.26757
30176.65948
30181.05139
30185.4433
30189.83521
30194.22712
30198.61903
30203.01093
30207.40284
30211.79475
30216.18666
30220.57857
30224.97048
30229.36239
30233.7543
30238.14621
30242.53811
30246.93002
30251.32193
30255.71384
30260.10575
30264.49766
30268.88957
30273.28148
30277.67339
30282.0653
30286.4572
30290.84911
30295.24102
30299.63293
30304.02484
30308.41675
30312.80866
30317.20057
30321.59248
30325.98438
30330.37629
30334.7682
30339.16011
30343.55202
30347.94393
30352.33584
30356.72775
30361.11966
30365.51157
30369.90347
30374.29538
30378.68729
30383.0792
30387.47111
30391.86302
30396.25493
30400.64684
30405.03875
30409.43065
30413.82256
30418.21447
30422.60638
30426.99829
30431.3902
30435.78211
30440.17402
30444.56593
30448.95784
30453.34974
30457.74165
30462.13356
30466.52547
30470.91738
30475.30929
30479.7012
30484.09311
30488.48502
30492.87692
30497.26883
30501.66074
30506.05265
30510.44456
30514.83647
30519.22838
30523.62029
30528.0122
30532.40411
30536.79601
30541.18792
30545.57983
30549.97174
30554.36365
30558.75556
30563.14747
30567.53938
30571.93129
30576.32319
30580.7151
30585.10701
30589.49892
30593.89083
30598.28274
30602.67465
30607.06656
30611.45847
30615.85038
30620.24228
30624.63419
30629.0261
30633.41801
30637.80992
30642.20183
30646.59374
30650.98565
30655.37756
30659.76947
30664.16137
30668.55328
30672.94519
30677.3371
30681.72901
30686.12092
30690.51283
30694.90474
30699.29665
30703.68855
30708.08046
30712.47237
30716.86428
30721.25619
30725.6481
30730.04001
30734.43192
30738.82383
30743.21574
30747.60764
30751.99955
30756.39146
30760.78337
30765.17528
30769.56719
30773.9591
30778.35101
30782.74292
30787.13482
30791.52673
30795.91864
30800.31055
30804.70246
30809.09437
30813.48628
30817.87819
30822.2701
30826.66201
30831.05391
30835.44582
30839.83773
30844.22964
30848.62155
30853.01346
30857.40537
30861.79728
30866.18919
30870.58109
30874.973
30879.36491
30883.75682
30888.14873
30892.54064
30896.93255
30901.32446
30905.71637
30910.10828
30914.50018
30918.89209
30923.284
30927.67591
30932.06782
30936.45973
30940.85164
30945.24355
30949.63546
30954.02736
30958.41927
30962.81118
30967.20309
30971.595
30975.98691
30980.37882
30984.77073
30989.16264
30993.55455
30997.94645
31002.33836
31006.73027
31011.12218
31015.51409
31019.906
31024.29791
31028.68982
31033.08173
31037.47363
31041.86554
31046.25745
31050.64936
31055.04127
31059.43318
31063.82509
31068.217
31072.60891
31077.00082
31081.39272
31085.78463
31090.17654
31094.56845
31098.96036
31103.35227
31107.74418
31112.13609
31116.528
31120.9199
31125.31181
31129.70372
31134.09563
31138.48754
31142.87945
31147.27136
31151.66327
31156.05518
31160.44709
31164.83899
31169.2309
31173.62281
31178.01472
31182.40663
31186.79854
31191.19045
31195.58236
31199.97427
31204.36617
31208.75808
31213.14999
31217.5419
31221.93381
31226.32572
31230.71763
31235.10954
31239.50145
31243.89336
31248.28526
31252.67717
31257.06908
31261.46099
31265.8529
31270.24481
31274.63672
31279.02863
31283.42054
31287.81244
31292.20435
31296.59626
31300.98817
31305.38008
31309.77199
31314.1639
31318.55581
31322.94772
31327.33963
31331.73153
31336.12344
31340.51535
31344.90726
31349.29917
31353.69108
31358.08299
31362.4749
31366.86681
31371.25871
31375.65062
31380.04253
31384.43444
31388.82635
31393.21826
31397.61017
31402.00208
31406.39399
31410.7859
31415.1778
31419.56971
31423.96162
31428.35353
31432.74544
31437.13735
31441.52926
31445.92117
31450.31308
31454.70498
31459.09689
31463.4888
31467.88071
31472.27262
31476.66453
31481.05644
31485.44835
31489.84026
31494.23217
31498.62407
31503.01598
31507.40789
31511.7998
31516.19171
31520.58362
31524.97553
31529.36744
31533.75935
31538.15125
31542.54316
31546.93507
31551.32698
31555.71889
31560.1108
31564.50271
31568.89462
31573.28653
31577.67844
31582.07034
31586.46225
31590.85416
31595.24607
31599.63798
31604.02989
31608.4218
31612.81371
31617.20562
31621.59752
31625.98943
31630.38134
31634.77325
31639.16516
31643.55707
31647.94898
31652.34089
31656.7328
31661.12471
31665.51661
31669.90852
31674.30043
31678.69234
31683.08425
31687.47616
31691.86807
31696.25998
31700.65189
31705.04379
31709.4357
31713.82761
31718.21952
31722.61143
31727.00334
31731.39525
31735.78716
31740.17907
31744.57098
31748.96288
31753.35479
31757.7467
31762.13861
31766.53052
31770.92243
31775.31434
31779.70625
31784.09816
31788.49006
31792.88197
31797.27388
31801.66579
31806.0577
31810.44961
31814.84152
31819.23343
31823.62534
31828.01725
31832.40915
31836.80106
31841.19297
31845.58488
31849.97679
31854.3687
31858.76061
31863.15252
31867.54443
31871.93633
31876.32824
31880.72015
31885.11206
31889.50397
31893.89588
31898.28779
31902.6797
31907.07161
31911.46352
31915.85542
31920.24733
31924.63924
31929.03115
31933.42306
31937.81497
31942.20688
31946.59879
31950.9907
31955.3826
31959.77451
31964.16642
31968.55833
31972.95024
31977.34215
31981.73406
31986.12597
31990.51788
31994.90979
31999.30169
32003.6936
32008.08551
32012.47742
32016.86933
32021.26124
32025.65315
32030.04506
32034.43697
32038.82888
32043.22078
32047.61269
32052.0046
32056.39651
32060.78842
32065.18033
32069.57224
32073.96415
32078.35606
32082.74796
32087.13987
32091.53178
32095.92369
32100.3156
32104.70751
32109.09942
32113.49133
32117.88324
32122.27515
32126.66705
32131.05896
32135.45087
32139.84278
32144.23469
32148.6266
32153.01851
32157.41042
32161.80233
32166.19423
32170.58614
32174.97805
32179.36996
32183.76187
32188.15378
32192.54569
32196.9376
32201.32951
32205.72142
32210.11332
32214.50523
32218.89714
32223.28905
32227.68096
32232.07287
32236.46478
32240.85669
32245.2486
32249.6405
32254.03241
32258.42432
32262.81623
32267.20814
32271.60005
32275.99196
32280.38387
32284.77578
32289.16769
32293.55959
32297.9515
32302.34341
32306.73532
32311.12723
32315.51914
32319.91105
32324.30296
32328.69487
32333.08677
32337.47868
32341.87059
32346.2625
32350.65441
32355.04632
32359.43823
32363.83014
32368.22205
32372.61396
32377.00586
32381.39777
32385.78968
32390.18159
32394.5735
32398.96541
32403.35732
32407.74923
32412.14114
32416.53304
32420.92495
32425.31686
32429.70877
32434.10068
32438.49259
32442.8845
32447.27641
32451.66832
32456.06023
32460.45213
32464.84404
32469.23595
32473.62786
32478.01977
32482.41168
32486.80359
32491.1955
32495.58741
32499.97931
32504.37122
32508.76313
32513.15504
32517.54695
32521.93886
32526.33077
32530.72268
32535.11459
32539.5065
32543.8984
32548.29031
32552.68222
32557.07413
32561.46604
32565.85795
32570.24986
32574.64177
32579.03368
32583.42558
32587.81749
32592.2094
32596.60131
32600.99322
32605.38513
32609.77704
32614.16895
32618.56086
32622.95277
32627.34467
32631.73658
32636.12849
32640.5204
32644.91231
32649.30422
32653.69613
32658.08804
32662.47995
32666.87185
32671.26376
32675.65567
32680.04758
32684.43949
32688.8314
32693.22331
32697.61522
32702.00713
32706.39904
32710.79094
32715.18285
32719.57476
32723.96667
32728.35858
32732.75049
32737.1424
32741.53431
32745.92622
32750.31812
32754.71003
32759.10194
32763.49385
32767.88576
32772.27767
32776.66958
32781.06149
32785.4534
32789.84531
32794.23721
32798.62912
32803.02103
32807.41294
32811.80485
32816.19676
32820.58867
32824.98058
32829.37249
32833.76439
32838.1563
32842.54821
32846.94012
32851.33203
32855.72394
32860.11585
32864.50776
32868.89967
32873.29158
32877.68348
32882.07539
32886.4673
32890.85921
32895.25112
32899.64303
32904.03494
32908.42685
32912.81876
32917.21066
32921.60257
32925.99448
32930.38639
32934.7783
32939.17021
32943.56212
32947.95403
32952.34594
32956.73785
32961.12975
32965.52166
32969.91357
32974.30548
32978.69739
32983.0893
32987.48121
32991.87312
32996.26503
33000.65693
33005.04884
33009.44075
33013.83266
33018.22457
33022.61648
33027.00839
33031.4003
33035.79221
33040.18412
33044.57602
33048.96793
33053.35984
33057.75175
33062.14366
33066.53557
33070.92748
33075.31939
33079.7113
33084.1032
33088.49511
33092.88702
33097.27893
33101.67084
33106.06275
33110.45466
33114.84657
33119.23848
33123.63039
33128.02229
33132.4142
33136.80611
33141.19802
33145.58993
33149.98184
33154.37375
33158.76566
33163.15757
33167.54947
33171.94138
33176.33329
33180.7252
33185.11711
33189.50902
33193.90093
33198.29284
33202.68475
33207.07666
33211.46856
33215.86047
33220.25238
33224.64429
33229.0362
33233.42811
33237.82002
33242.21193
33246.60384
33250.99574
33255.38765
33259.77956
33264.17147
33268.56338
33272.95529
33277.3472
33281.73911
33286.13102
33290.52293
33294.91483
33299.30674
33303.69865
33308.09056
33312.48247
33316.87438
33321.26629
33325.6582
33330.05011
33334.44201
33338.83392
33343.22583
33347.61774
33352.00965
33356.40156
33360.79347
33365.18538
33369.57729
33373.9692
33378.3611
33382.75301
33387.14492
33391.53683
33395.92874
33400.32065
33404.71256
33409.10447
33413.49638
33417.88829
33422.28019
33426.6721
33431.06401
33435.45592
33439.84783
33444.23974
33448.63165
33453.02356
33457.41547
33461.80737
33466.19928
33470.59119
33474.9831
33479.37501
33483.76692
33488.15883
33492.55074
33496.94265
33501.33456
33505.72646
33510.11837
33514.51028
33518.90219
33523.2941
33527.68601
33532.07792
33536.46983
33540.86174
33545.25364
33549.64555
33554.03746
33558.42937
33562.82128
33567.21319
33571.6051
33575.99701
33580.38892
33584.78083
33589.17273
33593.56464
33597.95655
33602.34846
33606.74037
33611.13228
33615.52419
33619.9161
33624.30801
33628.69991
33633.09182
33637.48373
33641.87564
33646.26755
33650.65946
33655.05137
33659.44328
33663.83519
33668.2271
33672.619
33677.01091
33681.40282
33685.79473
33690.18664
33694.57855
33698.97046
33703.36237
33707.75428
33712.14618
33716.53809
33720.93
33725.32191
33729.71382
33734.10573
33738.49764
33742.88955
33747.28146
33751.67337
33756.06527
33760.45718
33764.84909
33769.241
33773.63291
33778.02482
33782.41673
33786.80864
33791.20055
33795.59245
33799.98436
33804.37627
33808.76818
33813.16009
33817.552
33821.94391
33826.33582
33830.72773
33835.11964
33839.51154
33843.90345
33848.29536
33852.68727
33857.07918
33861.47109
33865.863
33870.25491
33874.64682
33879.03872
33883.43063
33887.82254
33892.21445
33896.60636
33900.99827
33905.39018
33909.78209
33914.174
33918.56591
33922.95781
33927.34972
33931.74163
33936.13354
33940.52545
33944.91736
33949.30927
33953.70118
33958.09309
33962.48499
33966.8769
33971.26881
33975.66072
33980.05263
33984.44454
33988.83645
33993.22836
33997.62027
34002.01218
34006.40408
34010.79599
34015.1879
34019.57981
34023.97172
34028.36363
34032.75554
34037.14745
34041.53936
34045.93126
34050.32317
34054.71508
34059.10699
34063.4989
34067.89081
34072.28272
34076.67463
34081.06654
34085.45845
34089.85035
34094.24226
34098.63417
34103.02608
34107.41799
34111.8099
34116.20181
34120.59372
34124.98563
34129.37753
34133.76944
34138.16135
34142.55326
34146.94517
34151.33708
34155.72899
34160.1209
34164.51281
34168.90472
34173.29662
34177.68853
34182.08044
34186.47235
34190.86426
34195.25617
34199.64808
34204.03999
34208.4319
34212.8238
34217.21571
34221.60762
34225.99953
34230.39144
34234.78335
34239.17526
34243.56717
34247.95908
34252.35099
34256.74289
34261.1348
34265.52671
34269.91862
34274.31053
34278.70244
34283.09435
34287.48626
34291.87817
34296.27007
34300.66198
34305.05389
34309.4458
34313.83771
34318.22962
34322.62153
34327.01344
34331.40535
34335.79726
34340.18916
34344.58107
34348.97298
34353.36489
34357.7568
34362.14871
34366.54062
34370.93253
34375.32444
34379.71634
34384.10825
34388.50016
34392.89207
34397.28398
34401.67589
34406.0678
34410.45971
34414.85162
34419.24353
34423.63543
34428.02734
34432.41925
34436.81116
34441.20307
34445.59498
34449.98689
34454.3788
34458.77071
34463.16261
34467.55452
34471.94643
34476.33834
34480.73025
34485.12216
34489.51407
34493.90598
34498.29789
34502.6898
34507.0817
34511.47361
34515.86552
34520.25743
34524.64934
34529.04125
34533.43316
34537.82507
34542.21698
34546.60888
34551.00079
34555.3927
34559.78461
34564.17652
34568.56843
34572.96034
34577.35225
34581.74416
34586.13607
34590.52797
34594.91988
34599.31179
34603.7037
34608.09561
34612.48752
34616.87943
34621.27134
34625.66325
34630.05515
34634.44706
34638.83897
34643.23088
34647.62279
34652.0147
34656.40661
34660.79852
34665.19043
34669.58234
34673.97424
34678.36615
34682.75806
34687.14997
34691.54188
34695.93379
34700.3257
34704.71761
34709.10952
34713.50142
34717.89333
34722.28524
34726.67715
34731.06906
34735.46097
34739.85288
34744.24479
34748.6367
34753.02861
34757.42051
34761.81242
34766.20433
34770.59624
34774.98815
34779.38006
34783.77197
34788.16388
34792.55579
34796.9477
34801.3396
34805.73151
34810.12342
34814.51533
34818.90724
34823.29915
34827.69106
34832.08297
34836.47488
34840.86678
34845.25869
34849.6506
34854.04251
34858.43442
34862.82633
34867.21824
34871.61015
34876.00206
34880.39397
34884.78587
34889.17778
34893.56969
34897.9616
34902.35351
34906.74542
34911.13733
34915.52924
34919.92115
34924.31305
34928.70496
34933.09687
34937.48878
34941.88069
34946.2726
34950.66451
34955.05642
34959.44833
34963.84024
34968.23214
34972.62405
34977.01596
34981.40787
34985.79978
34990.19169
34994.5836
34998.97551
35003.36742
35007.75932
35012.15123
35016.54314
35020.93505
35025.32696
35029.71887
35034.11078
35038.50269
35042.8946
35047.28651
35051.67841
35056.07032
35060.46223
35064.85414
35069.24605
35073.63796
35078.02987
35082.42178
35086.81369
35091.20559
35095.5975
35099.98941
35104.38132
35108.77323
35113.16514
35117.55705
35121.94896
35126.34087
35130.73278
35135.12468
35139.51659
35143.9085
35148.30041
35152.69232
35157.08423
35161.47614
35165.86805
35170.25996
35174.65186
35179.04377
35183.43568
35187.82759
35192.2195
35196.61141
35201.00332
35205.39523
35209.78714
35214.17905
35218.57095
35222.96286
35227.35477
35231.74668
35236.13859
35240.5305
35244.92241
35249.31432
35253.70623
35258.09813
35262.49004
35266.88195
35271.27386
35275.66577
35280.05768
35284.44959
35288.8415
35293.23341
35297.62532
35302.01722
35306.40913
35310.80104
35315.19295
35319.58486
35323.97677
35328.36868
35332.76059
35337.1525
35341.5444
35345.93631
35350.32822
35354.72013
35359.11204
35363.50395
35367.89586
35372.28777
35376.67968
35381.07159
35385.46349
35389.8554
35394.24731
35398.63922
35403.03113
35407.42304
35411.81495
35416.20686
35420.59877
35424.99067
35429.38258
35433.77449
35438.1664
35442.55831
35446.95022
35451.34213
35455.73404
35460.12595
35464.51786
35468.90976
35473.30167
35477.69358
35482.08549
35486.4774
35490.86931
35495.26122
35499.65313
35504.04504
35508.43694
35512.82885
35517.22076
35521.61267
35526.00458
35530.39649
35534.7884
35539.18031
35543.57222
35547.96413
35552.35603
35556.74794
35561.13985
35565.53176
35569.92367
35574.31558
35578.70749
35583.0994
35587.49131
35591.88321
35596.27512
35600.66703
35605.05894
35609.45085
35613.84276
35618.23467
35622.62658
35627.01849
35631.4104
35635.8023
35640.19421
35644.58612
35648.97803
35653.36994
35657.76185
35662.15376
35666.54567
35670.93758
35675.32948
35679.72139
35684.1133
35688.50521
35692.89712
35697.28903
35701.68094
35706.07285
35710.46476
35714.85667
35719.24857
35723.64048
35728.03239
35732.4243
35736.81621
35741.20812
35745.60003
35749.99194
35754.38385
35758.77575
35763.16766
35767.55957
35771.95148
35776.34339
35780.7353
35785.12721
35789.51912
35793.91103
35798.30294
35802.69484
35807.08675
35811.47866
35815.87057
35820.26248
35824.65439
35829.0463
35833.43821
35837.83012
35842.22202
35846.61393
35851.00584
35855.39775
35859.78966
35864.18157
35868.57348
35872.96539
35877.3573
35881.74921
35886.14111
35890.53302
35894.92493
35899.31684
35903.70875
35908.10066
35912.49257
35916.88448
35921.27639
35925.66829
35930.0602
35934.45211
35938.84402
35943.23593
35947.62784
35952.01975
35956.41166
35960.80357
35965.19548
35969.58738
35973.97929
35978.3712
35982.76311
35987.15502
35991.54693
35995.93884
36000.33075
36004.72266
36009.11456
36013.50647
36017.89838
36022.29029
36026.6822
36031.07411
36035.46602
36039.85793
36044.24984
36048.64175
36053.03365
36057.42556
36061.81747
36066.20938
36070.60129
36074.9932
36079.38511
36083.77702
36088.16893
36092.56083
36096.95274
36101.34465
36105.73656
36110.12847
36114.52038
36118.91229
36123.3042
36127.69611
36132.08802
36136.47992
36140.87183
36145.26374
36149.65565
36154.04756
36158.43947
36162.83138
36167.22329
36171.6152
36176.0071
36180.39901
36184.79092
36189.18283
36193.57474
36197.96665
36202.35856
36206.75047
36211.14238
36215.53429
36219.92619
36224.3181
36228.71001
36233.10192
36237.49383
36241.88574
36246.27765
36250.66956
36255.06147
36259.45338
36263.84528
36268.23719
36272.6291
36277.02101
36281.41292
36285.80483
36290.19674
36294.58865
36298.98056
36303.37246
36307.76437
36312.15628
36316.54819
36320.9401
36325.33201
36329.72392
36334.11583
36338.50774
36342.89965
36347.29155
36351.68346
36356.07537
36360.46728
36364.85919
36369.2511
36373.64301
36378.03492
36382.42683
36386.81873
36391.21064
36395.60255
36399.99446
36404.38637
36408.77828
36413.17019
36417.5621
36421.95401
36426.34592
36430.73782
36435.12973
36439.52164
36443.91355
36448.30546
36452.69737
36457.08928
36461.48119
36465.8731
36470.265
36474.65691
36479.04882
36483.44073
36487.83264
36492.22455
36496.61646
36501.00837
36505.40028
36509.79219
36514.18409
36518.576
36522.96791
36527.35982
36531.75173
36536.14364
36540.53555
36544.92746
36549.31937
36553.71127
36558.10318
36562.49509
36566.887
36571.27891
36575.67082
36580.06273
36584.45464
36588.84655
36593.23846
36597.63036
36602.02227
36606.41418
36610.80609
36615.198
36619.58991
36623.98182
36628.37373
36632.76564
36637.15754
36641.54945
36645.94136
36650.33327
36654.72518
36659.11709
36663.509
36667.90091
36672.29282
36676.68473
36681.07663
36685.46854
36689.86045
36694.25236
36698.64427
36703.03618
36707.42809
36711.82
36716.21191
36720.60381
36724.99572
36729.38763
36733.77954
36738.17145
36742.56336
36746.95527
36751.34718
36755.73909
36760.131
36764.5229
36768.91481
36773.30672
36777.69863
36782.09054
36786.48245
36790.87436
36795.26627
36799.65818
36804.05008
36808.44199
36812.8339
36817.22581
36821.61772
36826.00963
36830.40154
36834.79345
36839.18536
36843.57727
36847.96917
36852.36108
36856.75299
36861.1449
36865.53681
36869.92872
36874.32063
36878.71254
36883.10445
36887.49635
36891.88826
36896.28017
36900.67208
36905.06399
36909.4559
36913.84781
36918.23972
36922.63163
36927.02354
36931.41544
36935.80735
36940.19926
36944.59117
36948.98308
36953.37499
36957.7669
36962.15881
36966.55072
36970.94262
36975.33453
36979.72644
36984.11835
36988.51026
36992.90217
36997.29408
37001.68599
37006.0779
37010.46981
37014.86171
37019.25362
37023.64553
37028.03744
37032.42935
37036.82126
37041.21317
37045.60508
37049.99699
37054.38889
37058.7808
37063.17271
37067.56462
37071.95653
37076.34844
37080.74035
37085.13226
37089.52417
37093.91608
37098.30798
37102.69989
37107.0918
37111.48371
37115.87562
37120.26753
37124.65944
37129.05135
37133.44326
37137.83516
37142.22707
37146.61898
37151.01089
37155.4028
37159.79471
37164.18662
37168.57853
37172.97044
37177.36235
37181.75425
37186.14616
37190.53807
37194.92998
37199.32189
37203.7138
37208.10571
37212.49762
37216.88953
37221.28143
37225.67334
37230.06525
37234.45716
37238.84907
37243.24098
37247.63289
37252.0248
37256.41671
37260.80862
37265.20052
37269.59243
37273.98434
37278.37625
37282.76816
37287.16007
37291.55198
37295.94389
37300.3358
37304.7277
37309.11961
37313.51152
37317.90343
37322.29534
37326.68725
37331.07916
37335.47107
37339.86298
37344.25489
37348.64679
37353.0387
37357.43061
37361.82252
37366.21443
37370.60634
37374.99825
37379.39016
37383.78207
37388.17397
37392.56588
37396.95779
37401.3497
37405.74161
37410.13352
37414.52543
37418.91734
37423.30925
37427.70116
37432.09306
37436.48497
37440.87688
37445.26879
37449.6607
37454.05261
37458.44452
37462.83643
37467.22834
37471.62024
37476.01215
37480.40406
37484.79597
37489.18788
37493.57979
37497.9717
37502.36361
37506.75552
37511.14743
37515.53933
37519.93124
37524.32315
37528.71506
37533.10697
37537.49888
37541.89079
37546.2827
37550.67461
37555.06651
37559.45842
37563.85033
37568.24224
37572.63415
37577.02606
37581.41797
37585.80988
37590.20179
37594.5937
37598.9856
37603.37751
37607.76942
37612.16133
37616.55324
37620.94515
37625.33706
37629.72897
37634.12088
37638.51279
37642.90469
37647.2966
37651.68851
37656.08042
37660.47233
37664.86424
37669.25615
37673.64806
37678.03997
37682.43187
37686.82378
37691.21569
37695.6076
37699.99951
37704.39142
37708.78333
37713.17524
37717.56715
37721.95906
37726.35096
37730.74287
37735.13478
37739.52669
37743.9186
37748.31051
37752.70242
37757.09433
37761.48624
37765.87814
37770.27005
37774.66196
37779.05387
37783.44578
37787.83769
37792.2296
37796.62151
37801.01342
37805.40533
37809.79723
37814.18914
37818.58105
37822.97296
37827.36487
37831.75678
37836.14869
37840.5406
37844.93251
37849.32441
37853.71632
37858.10823
37862.50014
37866.89205
37871.28396
37875.67587
37880.06778
37884.45969
37888.8516
37893.2435
37897.63541
37902.02732
37906.41923
37910.81114
37915.20305
37919.59496
37923.98687
37928.37878
37932.77068
37937.16259
37941.5545
37945.94641
37950.33832
37954.73023
37959.12214
37963.51405
37967.90596
37972.29787
37976.68977
37981.08168
37985.47359
37989.8655
37994.25741
37998.64932
38003.04123
38007.43314
38011.82505
38016.21695
38020.60886
38025.00077
38029.39268
38033.78459
38038.1765
38042.56841
38046.96032
38051.35223
38055.74414
38060.13604
38064.52795
38068.91986
38073.31177
38077.70368
38082.09559
38086.4875
38090.87941
38095.27132
38099.66322
38104.05513
38108.44704
38112.83895
38117.23086
38121.62277
38126.01468
38130.40659
38134.7985
38139.19041
38143.58231
38147.97422
38152.36613
38156.75804
38161.14995
38165.54186
38169.93377
38174.32568
38178.71759
38183.10949
38187.5014
38191.89331
38196.28522
38200.67713
38205.06904
38209.46095
38213.85286
38218.24477
38222.63668
38227.02858
38231.42049
38235.8124
38240.20431
38244.59622
38248.98813
38253.38004
38257.77195
38262.16386
38266.55576
38270.94767
38275.33958
38279.73149
38284.1234
38288.51531
38292.90722
38297.29913
38301.69104
38306.08295
38310.47485
38314.86676
38319.25867
38323.65058
38328.04249
38332.4344
38336.82631
38341.21822
38345.61013
38350.00203
38354.39394
38358.78585
38363.17776
38367.56967
38371.96158
38376.35349
38380.7454
38385.13731
38389.52922
38393.92112
38398.31303
38402.70494
38407.09685
38411.48876
38415.88067
38420.27258
38424.66449
38429.0564
38433.4483
38437.84021
38442.23212
38446.62403
38451.01594
38455.40785
38459.79976
38464.19167
38468.58358
38472.97549
38477.36739
38481.7593
38486.15121
38490.54312
38494.93503
38499.32694
38503.71885
38508.11076
38512.50267
38516.89457
38521.28648
38525.67839
38530.0703
38534.46221
38538.85412
38543.24603
38547.63794
38552.02985
38556.42176
38560.81366
38565.20557
38569.59748
38573.98939
38578.3813
38582.77321
38587.16512
38591.55703
38595.94894
38600.34084
38604.73275
38609.12466
38613.51657
38617.90848
38622.30039
38626.6923
38631.08421
38635.47612
38639.86803
38644.25993
38648.65184
38653.04375
38657.43566
38661.82757
38666.21948
38670.61139
38675.0033
38679.39521
38683.78711
38688.17902
38692.57093
38696.96284
38701.35475
38705.74666
38710.13857
38714.53048
38718.92239
38723.3143
38727.7062
38732.09811
38736.49002
38740.88193
38745.27384
38749.66575
38754.05766
38758.44957
38762.84148
38767.23338
38771.62529
38776.0172
38780.40911
38784.80102
38789.19293
38793.58484
38797.97675
38802.36866
38806.76057
38811.15247
38815.54438
38819.93629
38824.3282
38828.72011
38833.11202
38837.50393
38841.89584
38846.28775
38850.67965
38855.07156
38859.46347
38863.85538
38868.24729
38872.6392
38877.03111
38881.42302
38885.81493
38890.20684
38894.59874
38898.99065
38903.38256
38907.77447
38912.16638
38916.55829
38920.9502
38925.34211
38929.73402
38934.12592
38938.51783
38942.90974
38947.30165
38951.69356
38956.08547
38960.47738
38964.86929
38969.2612
38973.65311
38978.04501
38982.43692
38986.82883
38991.22074
38995.61265
39000.00456
39004.39647
39008.78838
39013.18029
39017.5722
39021.9641
39026.35601
39030.74792
39035.13983
39039.53174
39043.92365
39048.31556
39052.70747
39057.09938
39061.49128
39065.88319
39070.2751
39074.66701
39079.05892
39083.45083
39087.84274
39092.23465
39096.62656
39101.01847
39105.41037
39109.80228
39114.19419
39118.5861
39122.97801
39127.36992
39131.76183
39136.15374
39140.54565
39144.93755
39149.32946
39153.72137
39158.11328
39162.50519
39166.8971
39171.28901
39175.68092
39180.07283
39184.46474
39188.85664
39193.24855
39197.64046
39202.03237
39206.42428
39210.81619
39215.2081
39219.60001
39223.99192
39228.38382
39232.77573
39237.16764
39241.55955
39245.95146
39250.34337
39254.73528
39259.12719
39263.5191
39267.91101
39272.30291
39276.69482
39281.08673
39285.47864
39289.87055
39294.26246
39298.65437
39303.04628
39307.43819
39311.83009
39316.222
39320.61391
39325.00582
39329.39773
39333.78964
39338.18155
39342.57346
39346.96537
39351.35728
39355.74918
39360.14109
39364.533
39368.92491
39373.31682
39377.70873
39382.10064
39386.49255
39390.88446
39395.27636
39399.66827
39404.06018
39408.45209
39412.844
39417.23591
39421.62782
39426.01973
39430.41164
39434.80355
39439.19545
39443.58736
39447.97927
39452.37118
39456.76309
39461.155
39465.54691
39469.93882
39474.33073
39478.72263
39483.11454
39487.50645
39491.89836
39496.29027
39500.68218
39505.07409
39509.466
39513.85791
39518.24982
39522.64172
39527.03363
39531.42554
39535.81745
39540.20936
39544.60127
39548.99318
39553.38509
39557.777
39562.1689
39566.56081
39570.95272
39575.34463
39579.73654
39584.12845
39588.52036
39592.91227
39597.30418
39601.69609
39606.08799
39610.4799
39614.87181
39619.26372
39623.65563
39628.04754
39632.43945
39636.83136
39641.22327
39645.61517
39650.00708
39654.39899
39658.7909
39663.18281
39667.57472
39671.96663
39676.35854
39680.75045
39685.14236
39689.53426
39693.92617
39698.31808
39702.70999
39707.1019
39711.49381
39715.88572
39720.27763
39724.66954
39729.06144
39733.45335
39737.84526
39742.23717
39746.62908
39751.02099
39755.4129
39759.80481
39764.19672
39768.58863
39772.98053
39777.37244
39781.76435
39786.15626
39790.54817
39794.94008
39799.33199
39803.7239
39808.11581
39812.50771
39816.89962
39821.29153
39825.68344
39830.07535
39834.46726
39838.85917
39843.25108
39847.64299
39852.0349
39856.4268
39860.81871
39865.21062
39869.60253
39873.99444
39878.38635
39882.77826
39887.17017
39891.56208
39895.95398
39900.34589
39904.7378
39909.12971
39913.52162
39917.91353
39922.30544
39926.69735
39931.08926
39935.48117
39939.87307
39944.26498
39948.65689
39953.0488
39957.44071
39961.83262
39966.22453
39970.61644
39975.00835
39979.40025
39983.79216
39988.18407
39992.57598
39996.96789
40001.3598
40005.75171
40010.14362
40014.53553
40018.92744
40023.31934
40027.71125
40032.10316
40036.49507
40040.88698
40045.27889
40049.6708
40054.06271
40058.45462
40062.84652
40067.23843
40071.63034
40076.02225
40080.41416
40084.80607
40089.19798
40093.58989
40097.9818
40102.37371
40106.76561
40111.15752
40115.54943
40119.94134
40124.33325
40128.72516
40133.11707
40137.50898
40141.90089
40146.29279
40150.6847
40155.07661
40159.46852
40163.86043
40168.25234
40172.64425
40177.03616
40181.42807
40185.81998
40190.21188
40194.60379
40198.9957
40203.38761
40207.77952
40212.17143
40216.56334
40220.95525
40225.34716
40229.73906
40234.13097
40238.52288
40242.91479
40247.3067
40251.69861
40256.09052
40260.48243
40264.87434
40269.26625
40273.65815
40278.05006
40282.44197
40286.83388
40291.22579
40295.6177
40300.00961
40304.40152
40308.79343
40313.18533
40317.57724
40321.96915
40326.36106
40330.75297
40335.14488
40339.53679
40343.9287
40348.32061
40352.71252
40357.10442
40361.49633
40365.88824
40370.28015
40374.67206
40379.06397
40383.45588
40387.84779
40392.2397
40396.63161
40401.02351
40405.41542
40409.80733
40414.19924
40418.59115
40422.98306
40427.37497
40431.76688
40436.15879
40440.55069
40444.9426
40449.33451
40453.72642
40458.11833
40462.51024
40466.90215
40471.29406
40475.68597
40480.07788
40484.46978
40488.86169
40493.2536
40497.64551
40502.03742
40506.42933
40510.82124
40515.21315
40519.60506
40523.99696
40528.38887
40532.78078
40537.17269
40541.5646
40545.95651
40550.34842
40554.74033
40559.13224
40563.52415
40567.91605
40572.30796
40576.69987
40581.09178
40585.48369
40589.8756
40594.26751
40598.65942
40603.05133
40607.44323
40611.83514
40616.22705
40620.61896
40625.01087
40629.40278
40633.79469
40638.1866
40642.57851
40646.97042
40651.36232
40655.75423
40660.14614
40664.53805
40668.92996
40673.32187
40677.71378
40682.10569
40686.4976
40690.8895
40695.28141
40699.67332
40704.06523
40708.45714
40712.84905
40717.24096
40721.63287
40726.02478
40730.41669
40734.80859
40739.2005
40743.59241
40747.98432
40752.37623
40756.76814
40761.16005
40765.55196
40769.94387
40774.33577
40778.72768
40783.11959
40787.5115
40791.90341
40796.29532
40800.68723
40805.07914
40809.47105
40813.86296
40818.25486
40822.64677
40827.03868
40831.43059
40835.8225
40840.21441
40844.60632
40848.99823
40853.39014
40857.78204
40862.17395
40866.56586
40870.95777
40875.34968
40879.74159
40884.1335
40888.52541
40892.91732
40897.30923
40901.70113
40906.09304
40910.48495
40914.87686
40919.26877
40923.66068
40928.05259
40932.4445
40936.83641
40941.22831
40945.62022
40950.01213
40954.40404
40958.79595
40963.18786
40967.57977
40971.97168
40976.36359
40980.7555
40985.1474
40989.53931
40993.93122
40998.32313
41002.71504
41007.10695
41011.49886
41015.89077
41020.28268
41024.67458
41029.06649
41033.4584
41037.85031
41042.24222
41046.63413
41051.02604
41055.41795
41059.80986
41064.20177
41068.59367
41072.98558
41077.37749
41081.7694
41086.16131
41090.55322
41094.94513
41099.33704
41103.72895
41108.12085
41112.51276
41116.90467
41121.29658
41125.68849
41130.0804
41134.47231
41138.86422
41143.25613
41147.64804
41152.03994
41156.43185
41160.82376
41165.21567
41169.60758
41173.99949
41178.3914
41182.78331
41187.17522
41191.56712
41195.95903
41200.35094
41204.74285
41209.13476
41213.52667
41217.91858
41222.31049
41226.7024
41231.09431
41235.48621
41239.87812
41244.27003
41248.66194
41253.05385
41257.44576
41261.83767
41266.22958
41270.62149
41275.01339
41279.4053
41283.79721
41288.18912
41292.58103
41296.97294
41301.36485
41305.75676
41310.14867
41314.54058
41318.93248
41323.32439
41327.7163
41332.10821
41336.50012
41340.89203
41345.28394
41349.67585
41354.06776
41358.45966
41362.85157
41367.24348
41371.63539
41376.0273
41380.41921
41384.81112
41389.20303
41393.59494
41397.98685
41402.37875
41406.77066
41411.16257
41415.55448
41419.94639
41424.3383
41428.73021
41433.12212
41437.51403
41441.90593
41446.29784
41450.68975
41455.08166
41459.47357
41463.86548
41468.25739
41472.6493
41477.04121
41481.43312
41485.82502
41490.21693
41494.60884
41499.00075
41503.39266
41507.78457
41512.17648
41516.56839
41520.9603
41525.3522
41529.74411
41534.13602
41538.52793
41542.91984
41547.31175
41551.70366
41556.09557
41560.48748
41564.87939
41569.27129
41573.6632
41578.05511
41582.44702
41586.83893
41591.23084
41595.62275
41600.01466
41604.40657
41608.79847
41613.19038
41617.58229
41621.9742
41626.36611
41630.75802
41635.14993
41639.54184
41643.93375
41648.32566
41652.71756
41657.10947
41661.50138
41665.89329
41670.2852
41674.67711
41679.06902
41683.46093
41687.85284
41692.24474
41696.63665
41701.02856
41705.42047
41709.81238
41714.20429
41718.5962
41722.98811
41727.38002
41731.77193
41736.16383
41740.55574
41744.94765
41749.33956
41753.73147
41758.12338
41762.51529
41766.9072
41771.29911
41775.69102
41780.08292
41784.47483
41788.86674
41793.25865
41797.65056
41802.04247
41806.43438
41810.82629
41815.2182
41819.6101
41824.00201
41828.39392
41832.78583
41837.17774
41841.56965
41845.96156
41850.35347
41854.74538
41859.13729
41863.52919
41867.9211
41872.31301
41876.70492
41881.09683
41885.48874
41889.88065
41894.27256
41898.66447
41903.05637
41907.44828
41911.84019
41916.2321
41920.62401
41925.01592
41929.40783
41933.79974
41938.19165
41942.58356
41946.97546
41951.36737
41955.75928
41960.15119
41964.5431
41968.93501
41973.32692
41977.71883
41982.11074
41986.50264
41990.89455
41995.28646
41999.67837
42004.07028
42008.46219
42012.8541
42017.24601
42021.63792
42026.02983
42030.42173
42034.81364
42039.20555
42043.59746
42047.98937
42052.38128
42056.77319
42061.1651
42065.55701
42069.94891
42074.34082
42078.73273
42083.12464
42087.51655
42091.90846
42096.30037
42100.69228
42105.08419
42109.4761
42113.868
42118.25991
42122.65182
42127.04373
42131.43564
42135.82755
42140.21946
42144.61137
42149.00328
42153.39518
42157.78709
42162.179
42166.57091
42170.96282
42175.35473
42179.74664
42184.13855
42188.53046
42192.92237
42197.31427
42201.70618
42206.09809
42210.49
42214.88191
42219.27382
42223.66573
42228.05764
42232.44955
42236.84145
42241.23336
42245.62527
42250.01718
42254.40909
42258.801
42263.19291
42267.58482
42271.97673
42276.36864
42280.76054
42285.15245
42289.54436
42293.93627
42298.32818
42302.72009
42307.112
42311.50391
42315.89582
42320.28772
42324.67963
42329.07154
42333.46345
42337.85536
42342.24727
42346.63918
42351.03109
42355.423
42359.81491
42364.20681
42368.59872
42372.99063
42377.38254
42381.77445
42386.16636
42390.55827
42394.95018
42399.34209
42403.73399
42408.1259
42412.51781
42416.90972
42421.30163
42425.69354
42430.08545
42434.47736
42438.86927
42443.26118
42447.65308
42452.04499
42456.4369
42460.82881
42465.22072
42469.61263
42474.00454
42478.39645
42482.78836
42487.18026
42491.57217
42495.96408
42500.35599
42504.7479
42509.13981
42513.53172
42517.92363
42522.31554
42526.70745
42531.09935
42535.49126
42539.88317
42544.27508
42548.66699
42553.0589
42557.45081
42561.84272
42566.23463
42570.62653
42575.01844
42579.41035
42583.80226
42588.19417
42592.58608
42596.97799
42601.3699
42605.76181
42610.15372
42614.54562
42618.93753
42623.32944
42627.72135
42632.11326
42636.50517
42640.89708
42645.28899
42649.6809
42654.0728
42658.46471
42662.85662
42667.24853
42671.64044
42676.03235
42680.42426
42684.81617
42689.20808
42693.59999
42697.99189
42702.3838
42706.77571
42711.16762
42715.55953
42719.95144
42724.34335
42728.73526
42733.12717
42737.51907
42741.91098
42746.30289
42750.6948
42755.08671
42759.47862
42763.87053
42768.26244
42772.65435
42777.04626
42781.43816
42785.83007
42790.22198
42794.61389
42799.0058
42803.39771
42807.78962
42812.18153
42816.57344
42820.96534
42825.35725
42829.74916
42834.14107
42838.53298
42842.92489
42847.3168
42851.70871
42856.10062
42860.49253
42864.88443
42869.27634
42873.66825
42878.06016
42882.45207
42886.84398
42891.23589
42895.6278
42900.01971
42904.41161
42908.80352
42913.19543
42917.58734
42921.97925
42926.37116
42930.76307
42935.15498
42939.54689
42943.9388
42948.3307
42952.72261
42957.11452
42961.50643
42965.89834
42970.29025
42974.68216
42979.07407
42983.46598
42987.85788
42992.24979
42996.6417
43001.03361
43005.42552
43009.81743
43014.20934
43018.60125
43022.99316
43027.38507
43031.77697
43036.16888
43040.56079
43044.9527
43049.34461
43053.73652
43058.12843
43062.52034
43066.91225
43071.30415
43075.69606
43080.08797
43084.47988
43088.87179
43093.2637
43097.65561
43102.04752
43106.43943
43110.83134
43115.22324
43119.61515
43124.00706
43128.39897
43132.79088
43137.18279
43141.5747
43145.96661
43150.35852
43154.75043
43159.14233
43163.53424
43167.92615
43172.31806
43176.70997
43181.10188
43185.49379
43189.8857
43194.27761
43198.66951
43203.06142
43207.45333
43211.84524
43216.23715
43220.62906
43225.02097
43229.41288
43233.80479
43238.1967
43242.5886
43246.98051
43251.37242
43255.76433
43260.15624
43264.54815
43268.94006
43273.33197
43277.72388
43282.11578
43286.50769
43290.8996
43295.29151
43299.68342
43304.07533
43308.46724
43312.85915
43317.25106
43321.64297
43326.03487
43330.42678
43334.81869
43339.2106
43343.60251
43347.99442
43352.38633
43356.77824
43361.17015
43365.56205
43369.95396
43374.34587
43378.73778
43383.12969
43387.5216
43391.91351
43396.30542
43400.69733
43405.08924
43409.48114
43413.87305
43418.26496
43422.65687
43427.04878
43431.44069
43435.8326
43440.22451
43444.61642
43449.00832
43453.40023
43457.79214
43462.18405
43466.57596
43470.96787
43475.35978
43479.75169
43484.1436
43488.53551
43492.92741
43497.31932
43501.71123
43506.10314
43510.49505
43514.88696
43519.27887
43523.67078
43528.06269
43532.45459
43536.8465
43541.23841
43545.63032
43550.02223
43554.41414
43558.80605
43563.19796
43567.58987
43571.98178
43576.37368
43580.76559
43585.1575
43589.54941
43593.94132
43598.33323
43602.72514
43607.11705
43611.50896
43615.90086
43620.29277
43624.68468
43629.07659
43633.4685
43637.86041
43642.25232
43646.64423
43651.03614
43655.42805
43659.81995
43664.21186
43668.60377
43672.99568
43677.38759
43681.7795
43686.17141
43690.56332
43694.95523
43699.34713
43703.73904
43708.13095
43712.52286
43716.91477
43721.30668
43725.69859
43730.0905
43734.48241
43738.87432
43743.26622
43747.65813
43752.05004
43756.44195
43760.83386
43765.22577
43769.61768
43774.00959
43778.4015
43782.7934
43787.18531
43791.57722
43795.96913
43800.36104
43804.75295
43809.14486
43813.53677
43817.92868
43822.32059
43826.71249
43831.1044
43835.49631
43839.88822
43844.28013
43848.67204
43853.06395
43857.45586
43861.84777
43866.23967
43870.63158
43875.02349
43879.4154
43883.80731
43888.19922
43892.59113
43896.98304
43901.37495
43905.76686
43910.15876
43914.55067
43918.94258
43923.33449
43927.7264
43932.11831
43936.51022
43940.90213
43945.29404
43949.68594
43954.07785
43958.46976
43962.86167
43967.25358
43971.64549
43976.0374
43980.42931
43984.82122
43989.21313
43993.60503
43997.99694
44002.38885
44006.78076
44011.17267
44015.56458
44019.95649
44024.3484
44028.74031
44033.13221
44037.52412
44041.91603
44046.30794
44050.69985
44055.09176
44059.48367
44063.87558
44068.26749
44072.6594
44077.0513
44081.44321
44085.83512
44090.22703
44094.61894
44099.01085
44103.40276
44107.79467
44112.18658
44116.57848
44120.97039
44125.3623
44129.75421
44134.14612
44138.53803
44142.92994
44147.32185
44151.71376
44156.10567
44160.49757
44164.88948
44169.28139
44173.6733
44178.06521
44182.45712
44186.84903
44191.24094
44195.63285
44200.02475
44204.41666
44208.80857
44213.20048
44217.59239
44221.9843
44226.37621
44230.76812
44235.16003
44239.55194
44243.94384
44248.33575
44252.72766
44257.11957
44261.51148
44265.90339
44270.2953
44274.68721
44279.07912
44283.47102
44287.86293
44292.25484
44296.64675
44301.03866
44305.43057
44309.82248
44314.21439
44318.6063
44322.99821
44327.39011
44331.78202
44336.17393
44340.56584
44344.95775
44349.34966
44353.74157
44358.13348
44362.52539
44366.91729
44371.3092
44375.70111
44380.09302
44384.48493
44388.87684
44393.26875
44397.66066
44402.05257
44406.44448
44410.83638
44415.22829
44419.6202
44424.01211
44428.40402
44432.79593
44437.18784
44441.57975
44445.97166
44450.36356
44454.75547
44459.14738
44463.53929
44467.9312
44472.32311
44476.71502
44481.10693
44485.49884
44489.89075
44494.28265
44498.67456
44503.06647
44507.45838
44511.85029
44516.2422
44520.63411
44525.02602
44529.41793
44533.80984
44538.20174
44542.59365
44546.98556
44551.37747
44555.76938
44560.16129
44564.5532
44568.94511
44573.33702
44577.72892
44582.12083
44586.51274
44590.90465
44595.29656
44599.68847
44604.08038
44608.47229
44612.8642
44617.25611
44621.64801
44626.03992
44630.43183
44634.82374
44639.21565
44643.60756
44647.99947
44652.39138
44656.78329
44661.17519
44665.5671
44669.95901
44674.35092
44678.74283
44683.13474
44687.52665
44691.91856
44696.31047
44700.70238
44705.09428
44709.48619
44713.8781
44718.27001
44722.66192
44727.05383
44731.44574
44735.83765
44740.22956
44744.62146
44749.01337
44753.40528
44757.79719
44762.1891
44766.58101
44770.97292
44775.36483
44779.75674
44784.14865
44788.54055
44792.93246
44797.32437
44801.71628
44806.10819
44810.5001
44814.89201
44819.28392
44823.67583
44828.06773
44832.45964
44836.85155
44841.24346
44845.63537
44850.02728
44854.41919
44858.8111
44863.20301
44867.59492
44871.98682
44876.37873
44880.77064
44885.16255
44889.55446
44893.94637
44898.33828
44902.73019
44907.1221
44911.514
44915.90591
44920.29782
44924.68973
44929.08164
44933.47355
44937.86546
44942.25737
44946.64928
44951.04119
44955.43309
44959.825
44964.21691
44968.60882
44973.00073
44977.39264
44981.78455
44986.17646
44990.56837
44994.96027
44999.35218
45003.74409
45008.136
45012.52791
45016.91982
45021.31173
45025.70364
45030.09555
45034.48746
45038.87936
45043.27127
45047.66318
45052.05509
45056.447
45060.83891
45065.23082
45069.62273
45074.01464
45078.40654
45082.79845
45087.19036
45091.58227
45095.97418
45100.36609
45104.758
45109.14991
45113.54182
45117.93373
45122.32563
45126.71754
45131.10945
45135.50136
45139.89327
45144.28518
45148.67709
45153.069
45157.46091
45161.85281
45166.24472
45170.63663
45175.02854
45179.42045
45183.81236
45188.20427
45192.59618
45196.98809
45201.38
45205.7719
45210.16381
45214.55572
45218.94763
45223.33954
45227.73145
45232.12336
45236.51527
45240.90718
45245.29908
45249.69099
45254.0829
45258.47481
45262.86672
45267.25863
45271.65054
45276.04245
45280.43436
45284.82627
45289.21817
45293.61008
45298.00199
45302.3939
45306.78581
45311.17772
45315.56963
45319.96154
45324.35345
45328.74535
45333.13726
45337.52917
45341.92108
45346.31299
45350.7049
45355.09681
45359.48872
45363.88063
45368.27254
45372.66444
45377.05635
45381.44826
45385.84017
45390.23208
45394.62399
45399.0159
45403.40781
45407.79972
45412.19162
45416.58353
45420.97544
45425.36735
45429.75926
45434.15117
45438.54308
45442.93499
45447.3269
45451.71881
45456.11071
45460.50262
45464.89453
45469.28644
45473.67835
45478.07026
45482.46217
45486.85408
45491.24599
45495.63789
45500.0298
45504.42171
45508.81362
45513.20553
45517.59744
45521.98935
45526.38126
45530.77317
45535.16508
45539.55698
45543.94889
45548.3408
45552.73271
45557.12462
45561.51653
45565.90844
45570.30035
45574.69226
45579.08416
45583.47607
45587.86798
45592.25989
45596.6518
45601.04371
45605.43562
45609.82753
45614.21944
45618.61135
45623.00325
45627.39516
45631.78707
45636.17898
45640.57089
45644.9628
45649.35471
45653.74662
45658.13853
45662.53043
45666.92234
45671.31425
45675.70616
45680.09807
45684.48998
45688.88189
45693.2738
45697.66571
45702.05762
45706.44952
45710.84143
45715.23334
45719.62525
45724.01716
45728.40907
45732.80098
45737.19289
45741.5848
45745.9767
45750.36861
45754.76052
45759.15243
45763.54434
45767.93625
45772.32816
45776.72007
45781.11198
45785.50389
45789.89579
45794.2877
45798.67961
45803.07152
45807.46343
45811.85534
45816.24725
45820.63916
45825.03107
45829.42297
45833.81488
45838.20679
45842.5987
45846.99061
45851.38252
45855.77443
45860.16634
45864.55825
45868.95016
45873.34206
45877.73397
45882.12588
45886.51779
45890.9097
45895.30161
45899.69352
45904.08543
45908.47734
45912.86925
45917.26115
45921.65306
45926.04497
45930.43688
45934.82879
45939.2207
45943.61261
45948.00452
45952.39643
45956.78833
45961.18024
45965.57215
45969.96406
45974.35597
45978.74788
45983.13979
45987.5317
45991.92361
45996.31552
46000.70742
46005.09933
46009.49124
46013.88315
46018.27506
46022.66697
46027.05888
46031.45079
46035.8427
46040.2346
46044.62651
46049.01842
46053.41033
46057.80224
46062.19415
46066.58606
46070.97797
46075.36988
46079.76179
46084.15369
46088.5456
46092.93751
46097.32942
46101.72133
46106.11324
46110.50515
46114.89706
46119.28897
46123.68087
46128.07278
46132.46469
46136.8566
46141.24851
46145.64042
46150.03233
46154.42424
46158.81615
46163.20806
46167.59996
46171.99187
46176.38378
46180.77569
46185.1676
46189.55951
46193.95142
46198.34333
46202.73524
46207.12714
46211.51905
46215.91096
46220.30287
46224.69478
46229.08669
46233.4786
46237.87051
46242.26242
46246.65433
46251.04623
46255.43814
46259.83005
46264.22196
46268.61387
46273.00578
46277.39769
46281.7896
46286.18151
46290.57341
46294.96532
46299.35723
46303.74914
46308.14105
46312.53296
46316.92487
46321.31678
46325.70869
46330.1006
46334.4925
46338.88441
46343.27632
46347.66823
46352.06014
46356.45205
46360.84396
46365.23587
46369.62778
46374.01968
46378.41159
46382.8035
46387.19541
46391.58732
46395.97923
46400.37114
46404.76305
46409.15496
46413.54687
46417.93877
46422.33068
46426.72259
46431.1145
46435.50641
46439.89832
46444.29023
46448.68214
46453.07405
46457.46595
46461.85786
46466.24977
46470.64168
46475.03359
46479.4255
46483.81741
46488.20932
46492.60123
46496.99314
46501.38504
46505.77695
46510.16886
46514.56077
46518.95268
46523.34459
46527.7365
46532.12841
46536.52032
46540.91222
46545.30413
46549.69604
46554.08795
46558.47986
46562.87177
46567.26368
46571.65559
46576.0475
46580.43941
46584.83131
46589.22322
46593.61513
46598.00704
46602.39895
46606.79086
46611.18277
46615.57468
46619.96659
46624.35849
46628.7504
46633.14231
46637.53422
46641.92613
46646.31804
46650.70995
46655.10186
46659.49377
46663.88568
46668.27758
46672.66949
46677.0614
46681.45331
46685.84522
46690.23713
46694.62904
46699.02095
46703.41286
46707.80476
46712.19667
46716.58858
46720.98049
46725.3724
46729.76431
46734.15622
46738.54813
46742.94004
46747.33195
46751.72385
46756.11576
46760.50767
46764.89958
46769.29149
46773.6834
46778.07531
46782.46722
46786.85913
46791.25103
46795.64294
46800.03485
46804.42676
46808.81867
46813.21058
46817.60249
46821.9944
46826.38631
46830.77822
46835.17012
46839.56203
46843.95394
46848.34585
46852.73776
46857.12967
46861.52158
46865.91349
46870.3054
46874.6973
46879.08921
46883.48112
46887.87303
46892.26494
46896.65685
46901.04876
46905.44067
46909.83258
46914.22449
46918.61639
46923.0083
46927.40021
46931.79212
46936.18403
46940.57594
46944.96785
46949.35976
46953.75167
46958.14357
46962.53548
46966.92739
46971.3193
46975.71121
46980.10312
46984.49503
46988.88694
46993.27885
46997.67076
47002.06266
47006.45457
47010.84648
47015.23839
47019.6303
47024.02221
47028.41412
47032.80603
47037.19794
47041.58984
47045.98175
47050.37366
47054.76557
47059.15748
47063.54939
47067.9413
47072.33321
47076.72512
47081.11703
47085.50893
47089.90084
47094.29275
47098.68466
47103.07657
47107.46848
47111.86039
47116.2523
47120.64421
47125.03611
47129.42802
47133.81993
47138.21184
47142.60375
47146.99566
47151.38757
47155.77948
47160.17139
47164.5633
47168.9552
47173.34711
47177.73902
47182.13093
47186.52284
47190.91475
47195.30666
47199.69857
47204.09048
47208.48238
47212.87429
47217.2662
47221.65811
47226.05002
47230.44193
47234.83384
47239.22575
47243.61766
47248.00957
47252.40147
47256.79338
47261.18529
47265.5772
47269.96911
47274.36102
47278.75293
47283.14484
47287.53675
47291.92866
47296.32056
47300.71247
47305.10438
47309.49629
47313.8882
47318.28011
47322.67202
47327.06393
47331.45584
47335.84774
47340.23965
47344.63156
47349.02347
47353.41538
47357.80729
47362.1992
47366.59111
47370.98302
47375.37493
47379.76683
47384.15874
47388.55065
47392.94256
47397.33447
47401.72638
47406.11829
47410.5102
47414.90211
47419.29401
47423.68592
47428.07783
47432.46974
47436.86165
47441.25356
47445.64547
47450.03738
47454.42929
47458.8212
47463.2131
47467.60501
47471.99692
47476.38883
47480.78074
47485.17265
47489.56456
47493.95647
47498.34838
47502.74028
47507.13219
47511.5241
47515.91601
47520.30792
47524.69983
47529.09174
47533.48365
47537.87556
47542.26747
47546.65937
47551.05128
47555.44319
47559.8351
47564.22701
47568.61892
47573.01083
47577.40274
47581.79465
47586.18655
47590.57846
47594.97037
47599.36228
47603.75419
47608.1461
47612.53801
47616.92992
47621.32183
47625.71374
47630.10564
47634.49755
47638.88946
47643.28137
47647.67328
47652.06519
47656.4571
47660.84901
47665.24092
47669.63282
47674.02473
47678.41664
47682.80855
47687.20046
47691.59237
47695.98428
47700.37619
47704.7681
47709.16001
47713.55191
47717.94382
47722.33573
47726.72764
47731.11955
47735.51146
47739.90337
47744.29528
47748.68719
47753.07909
47757.471
47761.86291
47766.25482
47770.64673
47775.03864
47779.43055
47783.82246
47788.21437
47792.60628
47796.99818
47801.39009
47805.782
47810.17391
47814.56582
47818.95773
47823.34964
47827.74155
47832.13346
47836.52536
47840.91727
47845.30918
47849.70109
47854.093
47858.48491
47862.87682
47867.26873
47871.66064
47876.05255
47880.44445
47884.83636
47889.22827
47893.62018
47898.01209
47902.404
47906.79591
47911.18782
47915.57973
47919.97163
47924.36354
47928.75545
47933.14736
47937.53927
47941.93118
47946.32309
47950.715
47955.10691
47959.49882
47963.89072
47968.28263
47972.67454
47977.06645
47981.45836
47985.85027
47990.24218
47994.63409
47999.026
48003.4179
48007.80981
48012.20172
48016.59363
48020.98554
48025.37745
48029.76936
48034.16127
48038.55318
48042.94509
48047.33699
48051.7289
48056.12081
48060.51272
48064.90463
48069.29654
48073.68845
48078.08036
48082.47227
48086.86417
48091.25608
48095.64799
48100.0399
48104.43181
48108.82372
48113.21563
48117.60754
48121.99945
48126.39136
48130.78326
48135.17517
48139.56708
48143.95899
48148.3509
48152.74281
48157.13472
48161.52663
48165.91854
48170.31044
48174.70235
48179.09426
48183.48617
48187.87808
48192.26999
48196.6619
48201.05381
48205.44572
48209.83763
48214.22953
48218.62144
48223.01335
48227.40526
48231.79717
48236.18908
48240.58099
48244.9729
48249.36481
48253.75671
48258.14862
48262.54053
48266.93244
48271.32435
48275.71626
48280.10817
48284.50008
48288.89199
48293.2839
48297.6758
48302.06771
48306.45962
48310.85153
48315.24344
48319.63535
48324.02726
48328.41917
48332.81108
48337.20298
48341.59489
48345.9868
48350.37871
48354.77062
48359.16253
48363.55444
48367.94635
48372.33826
48376.73017
48381.12207
48385.51398
48389.90589
48394.2978
48398.68971
48403.08162
48407.47353
48411.86544
48416.25735
48420.64925
48425.04116
48429.43307
48433.82498
48438.21689
48442.6088
48447.00071
48451.39262
48455.78453
48460.17644
48464.56834
48468.96025
48473.35216
48477.74407
48482.13598
48486.52789
48490.9198
48495.31171
48499.70362
48504.09552
48508.48743
48512.87934
48517.27125
48521.66316
48526.05507
48530.44698
48534.83889
48539.2308
48543.62271
48548.01461
48552.40652
48556.79843
48561.19034
48565.58225
48569.97416
48574.36607
48578.75798
48583.14989
48587.54179
48591.9337
48596.32561
48600.71752
48605.10943
48609.50134
48613.89325
48618.28516
48622.67707
48627.06898
48631.46088
48635.85279
48640.2447
48644.63661
48649.02852
48653.42043
48657.81234
48662.20425
48666.59616
48670.98806
48675.37997
48679.77188
48684.16379
48688.5557
48692.94761
48697.33952
48701.73143
48706.12334
48710.51525
48714.90715
48719.29906
48723.69097
48728.08288
48732.47479
48736.8667
48741.25861
48745.65052
48750.04243
48754.43434
48758.82624
48763.21815
48767.61006
48772.00197
48776.39388
48780.78579
48785.1777
48789.56961
48793.96152
48798.35342
48802.74533
48807.13724
48811.52915
48815.92106
48820.31297
48824.70488
48829.09679
48833.4887
48837.88061
48842.27251
48846.66442
48851.05633
48855.44824
48859.84015
48864.23206
48868.62397
48873.01588
48877.40779
48881.79969
48886.1916
48890.58351
48894.97542
48899.36733
48903.75924
48908.15115
48912.54306
48916.93497
48921.32688
48925.71878
48930.11069
48934.5026
48938.89451
48943.28642
48947.67833
48952.07024
48956.46215
48960.85406
48965.24596
48969.63787
48974.02978
48978.42169
48982.8136
48987.20551
48991.59742
48995.98933
49000.38124
49004.77315
49009.16505
49013.55696
49017.94887
49022.34078
49026.73269
49031.1246
49035.51651
49039.90842
49044.30033
49048.69223
49053.08414
49057.47605
49061.86796
49066.25987
49070.65178
49075.04369
49079.4356
49083.82751
49088.21942
49092.61132
49097.00323
49101.39514
49105.78705
49110.17896
49114.57087
49118.96278
49123.35469
49127.7466
49132.1385
49136.53041
49140.92232
49145.31423
49149.70614
49154.09805
49158.48996
49162.88187
49167.27378
49171.66569
49176.05759
49180.4495
49184.84141
49189.23332
49193.62523
49198.01714
49202.40905
49206.80096
49211.19287
49215.58477
49219.97668
49224.36859
49228.7605
49233.15241
49237.54432
49241.93623
49246.32814
49250.72005
49255.11196
49259.50386
49263.89577
49268.28768
49272.67959
49277.0715
49281.46341
49285.85532
49290.24723
49294.63914
49299.03104
49303.42295
49307.81486
49312.20677
49316.59868
49320.99059
49325.3825
49329.77441
49334.16632
49338.55823
49342.95013
49347.34204
49351.73395
49356.12586
49360.51777
49364.90968
49369.30159
49373.6935
49378.08541
49382.47731
49386.86922
49391.26113
49395.65304
49400.04495
49404.43686
49408.82877
49413.22068
49417.61259
49422.0045
49426.3964
49430.78831
49435.18022
49439.57213
49443.96404
49448.35595
49452.74786
49457.13977
49461.53168
49465.92358
49470.31549
49474.7074
49479.09931
49483.49122
49487.88313
49492.27504
49496.66695
49501.05886
49505.45077
49509.84267
49514.23458
49518.62649
49523.0184
49527.41031
49531.80222
49536.19413
49540.58604
49544.97795
49549.36985
49553.76176
49558.15367
49562.54558
49566.93749
49571.3294
49575.72131
49580.11322
49584.50513
49588.89704
49593.28894
49597.68085
49602.07276
49606.46467
49610.85658
49615.24849
49619.6404
49624.03231
49628.42422
49632.81612
49637.20803
49641.59994
49645.99185
49650.38376
49654.77567
49659.16758
49663.55949
49667.9514
49672.34331
49676.73521
49681.12712
49685.51903
49689.91094
49694.30285
49698.69476
49703.08667
49707.47858
49711.87049
49716.26239
49720.6543
49725.04621
49729.43812
49733.83003
49738.22194
49742.61385
49747.00576
49751.39767
49755.78958
49760.18148
49764.57339
49768.9653
49773.35721
49777.74912
49782.14103
49786.53294
49790.92485
49795.31676
49799.70866
49804.10057
49808.49248
49812.88439
49817.2763
49821.66821
49826.06012
49830.45203
49834.84394
49839.23585
49843.62775
49848.01966
49852.41157
49856.80348
49861.19539
49865.5873
49869.97921
49874.37112
49878.76303
49883.15493
49887.54684
49891.93875
49896.33066
49900.72257
49905.11448
49909.50639
49913.8983
49918.29021
49922.68212
49927.07402
49931.46593
49935.85784
49940.24975
49944.64166
49949.03357
49953.42548
49957.81739
49962.2093
49966.6012
49970.99311
49975.38502
49979.77693
49984.16884
49988.56075
49992.95266
49997.34457
50001.73648
50006.12839
50010.52029
50014.9122
50019.30411
50023.69602
50028.08793
50032.47984
50036.87175
50041.26366
50045.65557
50050.04747
50054.43938
50058.83129
50063.2232
50067.61511
50072.00702
50076.39893
50080.79084
50085.18275
50089.57466
50093.96656
50098.35847
50102.75038
50107.14229
50111.5342
50115.92611
50120.31802
50124.70993
50129.10184
50133.49375
50137.88565
50142.27756
50146.66947
50151.06138
50155.45329
50159.8452
50164.23711
50168.62902
50173.02093
50177.41283
50181.80474
50186.19665
50190.58856
50194.98047
50199.37238
50203.76429
50208.1562
50212.54811
50216.94002
50221.33192
50225.72383
50230.11574
50234.50765
50238.89956
50243.29147
50247.68338
50252.07529
50256.4672
50260.8591
50265.25101
50269.64292
50274.03483
50278.42674
50282.81865
50287.21056
50291.60247
50295.99438
50300.38629
50304.77819
50309.1701
50313.56201
50317.95392
50322.34583
50326.73774
50331.12965
50335.52156
50339.91347
50344.30537
50348.69728
50353.08919
50357.4811
50361.87301
50366.26492
50370.65683
50375.04874
50379.44065
50383.83256
50388.22446
50392.61637
50397.00828
50401.40019
50405.7921
50410.18401
50414.57592
50418.96783
50423.35974
50427.75164
50432.14355
50436.53546
50440.92737
50445.31928
50449.71119
50454.1031
50458.49501
50462.88692
50467.27883
50471.67073
50476.06264
50480.45455
50484.84646
50489.23837
50493.63028
50498.02219
50502.4141
50506.80601
50511.19791
50515.58982
50519.98173
50524.37364
50528.76555
50533.15746
50537.54937
50541.94128
50546.33319
50550.7251
50555.117
50559.50891
50563.90082
50568.29273
50572.68464
50577.07655
50581.46846
50585.86037
50590.25228
50594.64418
50599.03609
50603.428
50607.81991
50612.21182
50616.60373
50620.99564
50625.38755
50629.77946
50634.17137
50638.56327
50642.95518
50647.34709
50651.739
50656.13091
50660.52282
50664.91473
50669.30664
50673.69855
50678.09045
50682.48236
50686.87427
50691.26618
50695.65809
50700.05
50704.44191
50708.83382
50713.22573
50717.61764
50722.00954
50726.40145
50730.79336
50735.18527
50739.57718
50743.96909
50748.361
50752.75291
50757.14482
50761.53672
50765.92863
50770.32054
50774.71245
50779.10436
50783.49627
50787.88818
50792.28009
50796.672
50801.06391
50805.45581
50809.84772
50814.23963
50818.63154
50823.02345
50827.41536
50831.80727
50836.19918
50840.59109
50844.98299
50849.3749
50853.76681
50858.15872
50862.55063
50866.94254
50871.33445
50875.72636
50880.11827
50884.51018
50888.90208
50893.29399
50897.6859
50902.07781
50906.46972
50910.86163
50915.25354
50919.64545
50924.03736
50928.42926
50932.82117
50937.21308
50941.60499
50945.9969
50950.38881
50954.78072
50959.17263
50963.56454
50967.95645
50972.34835
50976.74026
50981.13217
50985.52408
50989.91599
50994.3079
50998.69981
51003.09172
51007.48363
51011.87553
51016.26744
51020.65935
51025.05126
51029.44317
51033.83508
51038.22699
51042.6189
51047.01081
51051.40272
51055.79462
51060.18653
51064.57844
51068.97035
51073.36226
51077.75417
51082.14608
51086.53799
51090.9299
51095.3218
51099.71371
51104.10562
51108.49753
51112.88944
51117.28135
51121.67326
51126.06517
51130.45708
51134.84899
51139.24089
51143.6328
51148.02471
51152.41662
51156.80853
51161.20044
51165.59235
51169.98426
51174.37617
51178.76807
51183.15998
51187.55189
51191.9438
51196.33571
51200.72762
51205.11953
51209.51144
51213.90335
51218.29526
51222.68716
51227.07907
51231.47098
51235.86289
51240.2548
51244.64671
51249.03862
51253.43053
51257.82244
51262.21434
51266.60625
51270.99816
51275.39007
51279.78198
51284.17389
51288.5658
51292.95771
51297.34962
51301.74153
51306.13343
51310.52534
51314.91725
51319.30916
51323.70107
51328.09298
51332.48489
51336.8768
51341.26871
51345.66061
51350.05252
51354.44443
51358.83634
51363.22825
51367.62016
51372.01207
51376.40398
51380.79589
51385.1878
51389.5797
51393.97161
51398.36352
51402.75543
51407.14734
51411.53925
51415.93116
51420.32307
51424.71498
51429.10688
51433.49879
51437.8907
51442.28261
51446.67452
51451.06643
51455.45834
51459.85025
51464.24216
51468.63407
51473.02597
51477.41788
51481.80979
51486.2017
51490.59361
51494.98552
51499.37743
51503.76934
51508.16125
51512.55316
51516.94506
51521.33697
51525.72888
51530.12079
51534.5127
51538.90461
51543.29652
51547.68843
51552.08034
51556.47224
51560.86415
51565.25606
51569.64797
51574.03988
51578.43179
51582.8237
51587.21561
51591.60752
51595.99943
51600.39133
51604.78324
51609.17515
51613.56706
51617.95897
51622.35088
51626.74279
51631.1347
51635.52661
51639.91851
51644.31042
51648.70233
51653.09424
51657.48615
51661.87806
51666.26997
51670.66188
51675.05379
51679.4457
51683.8376
51688.22951
51692.62142
51697.01333
51701.40524
51705.79715
51710.18906
51714.58097
51718.97288
51723.36478
51727.75669
51732.1486
51736.54051
51740.93242
51745.32433
51749.71624
51754.10815
51758.50006
51762.89197
51767.28387
51771.67578
51776.06769
51780.4596
51784.85151
51789.24342
51793.63533
51798.02724
51802.41915
51806.81105
51811.20296
51815.59487
51819.98678
51824.37869
51828.7706
51833.16251
51837.55442
51841.94633
51846.33824
51850.73014
51855.12205
51859.51396
51863.90587
51868.29778
51872.68969
51877.0816
51881.47351
51885.86542
51890.25732
51894.64923
51899.04114
51903.43305
51907.82496
51912.21687
51916.60878
51921.00069
51925.3926
51929.78451
51934.17641
51938.56832
51942.96023
51947.35214
51951.74405
51956.13596
51960.52787
51964.91978
51969.31169
51973.70359
51978.0955
51982.48741
51986.87932
51991.27123
51995.66314
52000.05505
52004.44696
52008.83887
52013.23078
52017.62268
52022.01459
52026.4065
52030.79841
52035.19032
52039.58223
52043.97414
52048.36605
52052.75796
52057.14986
52061.54177
52065.93368
52070.32559
52074.7175
52079.10941
52083.50132
52087.89323
52092.28514
52096.67705
52101.06895
52105.46086
52109.85277
52114.24468
52118.63659
52123.0285
52127.42041
52131.81232
52136.20423
52140.59613
52144.98804
52149.37995
52153.77186
52158.16377
52162.55568
52166.94759
52171.3395
52175.73141
52180.12332
52184.51522
52188.90713
52193.29904
52197.69095
52202.08286
52206.47477
52210.86668
52215.25859
52219.6505
52224.0424
52228.43431
52232.82622
52237.21813
52241.61004
52246.00195
52250.39386
52254.78577
52259.17768
52263.56959
52267.96149
52272.3534
52276.74531
52281.13722
52285.52913
52289.92104
52294.31295
52298.70486
52303.09677
52307.48867
52311.88058
52316.27249
52320.6644
52325.05631
52329.44822
52333.84013
52338.23204
52342.62395
52347.01586
52351.40776
52355.79967
52360.19158
52364.58349
52368.9754
52373.36731
52377.75922
52382.15113
52386.54304
52390.93494
52395.32685
52399.71876
52404.11067
52408.50258
52412.89449
52417.2864
52421.67831
52426.07022
52430.46213
52434.85403
52439.24594
52443.63785
52448.02976
52452.42167
52456.81358
52461.20549
52465.5974
52469.98931
52474.38121
52478.77312
52483.16503
52487.55694
52491.94885
52496.34076
52500.73267
52505.12458
52509.51649
52513.9084
52518.3003
52522.69221
52527.08412
52531.47603
52535.86794
52540.25985
52544.65176
52549.04367
52553.43558
52557.82748
52562.21939
52566.6113
52571.00321
52575.39512
52579.78703
52584.17894
52588.57085
52592.96276
52597.35467
52601.74657
52606.13848
52610.53039
52614.9223
52619.31421
52623.70612
52628.09803
52632.48994
52636.88185
52641.27375
52645.66566
52650.05757
52654.44948
52658.84139
52663.2333
52667.62521
52672.01712
52676.40903
52680.80094
52685.19284
52689.58475
52693.97666
52698.36857
52702.76048
52707.15239
52711.5443
52715.93621
52720.32812
52724.72002
52729.11193
52733.50384
52737.89575
52742.28766
52746.67957
52751.07148
52755.46339
52759.8553
52764.24721
52768.63911
52773.03102
52777.42293
52781.81484
52786.20675
52790.59866
52794.99057
52799.38248
52803.77439
52808.16629
52812.5582
52816.95011
52821.34202
52825.73393
52830.12584
52834.51775
52838.90966
52843.30157
52847.69348
52852.08538
52856.47729
52860.8692
52865.26111
52869.65302
52874.04493
52878.43684
52882.82875
52887.22066
52891.61257
52896.00447
52900.39638
52904.78829
52909.1802
52913.57211
52917.96402
52922.35593
52926.74784
52931.13975
52935.53165
52939.92356
52944.31547
52948.70738
52953.09929
52957.4912
52961.88311
52966.27502
52970.66693
52975.05884
52979.45074
52983.84265
52988.23456
52992.62647
52997.01838
53001.41029
53005.8022
53010.19411
53014.58602
53018.97792
53023.36983
53027.76174
53032.15365
53036.54556
53040.93747
53045.32938
53049.72129
53054.1132
53058.50511
53062.89701
53067.28892
53071.68083
53076.07274
53080.46465
53084.85656
53089.24847
53093.64038
53098.03229
53102.42419
53106.8161
53111.20801
53115.59992
53119.99183
53124.38374
53128.77565
53133.16756
53137.55947
53141.95138
53146.34328
53150.73519
53155.1271
53159.51901
53163.91092
53168.30283
53172.69474
53177.08665
53181.47856
53185.87046
53190.26237
53194.65428
53199.04619
53203.4381
53207.83001
53212.22192
53216.61383
53221.00574
53225.39765
53229.78955
53234.18146
53238.57337
53242.96528
53247.35719
53251.7491
53256.14101
53260.53292
53264.92483
53269.31673
53273.70864
53278.10055
53282.49246
53286.88437
53291.27628
53295.66819
53300.0601
53304.45201
53308.84392
53313.23582
53317.62773
53322.01964
53326.41155
53330.80346
53335.19537
53339.58728
53343.97919
53348.3711
53352.763
53357.15491
53361.54682
53365.93873
53370.33064
53374.72255
53379.11446
53383.50637
53387.89828
53392.29019
53396.68209
53401.074
53405.46591
53409.85782
53414.24973
53418.64164
53423.03355
53427.42546
53431.81737
53436.20927
53440.60118
53444.99309
53449.385
53453.77691
53458.16882
53462.56073
53466.95264
53471.34455
53475.73646
53480.12836
53484.52027
53488.91218
53493.30409
53497.696
53502.08791
53506.47982
53510.87173
53515.26364
53519.65554
53524.04745
53528.43936
53532.83127
53537.22318
53541.61509
53546.007
53550.39891
53554.79082
53559.18273
53563.57463
53567.96654
53572.35845
53576.75036
53581.14227
53585.53418
53589.92609
53594.318
53598.70991
53603.10181
53607.49372
53611.88563
53616.27754
53620.66945
53625.06136
53629.45327
53633.84518
53638.23709
53642.629
53647.0209
53651.41281
53655.80472
53660.19663
53664.58854
53668.98045
53673.37236
53677.76427
53682.15618
53686.54808
53690.93999
53695.3319
53699.72381
53704.11572
53708.50763
53712.89954
53717.29145
53721.68336
53726.07527
53730.46717
53734.85908
53739.25099
53743.6429
53748.03481
53752.42672
53756.81863
53761.21054
53765.60245
53769.99435
53774.38626
53778.77817
53783.17008
53787.56199
53791.9539
53796.34581
53800.73772
53805.12963
53809.52154
53813.91344
53818.30535
53822.69726
53827.08917
53831.48108
53835.87299
53840.2649
53844.65681
53849.04872
53853.44062
53857.83253
53862.22444
53866.61635
53871.00826
53875.40017
53879.79208
53884.18399
53888.5759
53892.96781
53897.35971
53901.75162
53906.14353
53910.53544
53914.92735
53919.31926
53923.71117
53928.10308
53932.49499
53936.88689
53941.2788
53945.67071
53950.06262
53954.45453
53958.84644
53963.23835
53967.63026
53972.02217
53976.41408
53980.80598
53985.19789
53989.5898
53993.98171
53998.37362
54002.76553
54007.15744
54011.54935
54015.94126
54020.33316
54024.72507
54029.11698
54033.50889
54037.9008
54042.29271
54046.68462
54051.07653
54055.46844
54059.86035
54064.25225
54068.64416
54073.03607
54077.42798
54081.81989
54086.2118
54090.60371
54094.99562
54099.38753
54103.77943
54108.17134
54112.56325
54116.95516
54121.34707
54125.73898
54130.13089
54134.5228
54138.91471
54143.30662
54147.69852
54152.09043
54156.48234
54160.87425
54165.26616
54169.65807
54174.04998
54178.44189
54182.8338
54187.2257
54191.61761
54196.00952
54200.40143
54204.79334
54209.18525
54213.57716
54217.96907
54222.36098
54226.75289
54231.14479
54235.5367
54239.92861
54244.32052
54248.71243
54253.10434
54257.49625
54261.88816
54266.28007
54270.67198
54275.06388
54279.45579
54283.8477
54288.23961
54292.63152
54297.02343
54301.41534
54305.80725
54310.19916
54314.59106
54318.98297
54323.37488
54327.76679
54332.1587
54336.55061
54340.94252
54345.33443
54349.72634
54354.11825
54358.51015
54362.90206
54367.29397
54371.68588
54376.07779
54380.4697
54384.86161
54389.25352
54393.64543
54398.03733
54402.42924
54406.82115
54411.21306
54415.60497
54419.99688
54424.38879
54428.7807
54433.17261
54437.56452
54441.95642
54446.34833
54450.74024
54455.13215
54459.52406
54463.91597
54468.30788
54472.69979
54477.0917
54481.4836
54485.87551
54490.26742
54494.65933
54499.05124
54503.44315
54507.83506
54512.22697
54516.61888
54521.01079
54525.40269
54529.7946
54534.18651
54538.57842
54542.97033
54547.36224
54551.75415
54556.14606
54560.53797
54564.92987
54569.32178
54573.71369
54578.1056
54582.49751
54586.88942
54591.28133
54595.67324
54600.06515
54604.45706
54608.84896
54613.24087
54617.63278
54622.02469
54626.4166
54630.80851
54635.20042
54639.59233
54643.98424
54648.37614
54652.76805
54657.15996
54661.55187
54665.94378
54670.33569
54674.7276
54679.11951
54683.51142
54687.90333
54692.29523
54696.68714
54701.07905
54705.47096
54709.86287
54714.25478
54718.64669
54723.0386
54727.43051
54731.82241
54736.21432
54740.60623
54744.99814
54749.39005
54753.78196
54758.17387
54762.56578
54766.95769
54771.3496
54775.7415
54780.13341
54784.52532
54788.91723
54793.30914
54797.70105
54802.09296
54806.48487
54810.87678
54815.26868
54819.66059
54824.0525
54828.44441
54832.83632
54837.22823
54841.62014
54846.01205
54850.40396
54854.79587
54859.18777
54863.57968
54867.97159
54872.3635
54876.75541
54881.14732
54885.53923
54889.93114
54894.32305
54898.71495
54903.10686
54907.49877
54911.89068
54916.28259
54920.6745
54925.06641
54929.45832
54933.85023
54938.24214
54942.63404
54947.02595
54951.41786
54955.80977
54960.20168
54964.59359
54968.9855
54973.37741
54977.76932
54982.16122
54986.55313
54990.94504
54995.33695
54999.72886
55004.12077
55008.51268
55012.90459
55017.2965
55021.68841
55026.08031
55030.47222
55034.86413
55039.25604
55043.64795
55048.03986
55052.43177
55056.82368
55061.21559
55065.60749
55069.9994
55074.39131
55078.78322
55083.17513
55087.56704
55091.95895
55096.35086
55100.74277
55105.13468
55109.52658
55113.91849
55118.3104
55122.70231
55127.09422
55131.48613
55135.87804
55140.26995
55144.66186
55149.05376
55153.44567
55157.83758
55162.22949
55166.6214
55171.01331
55175.40522
55179.79713
55184.18904
55188.58095
55192.97285
55197.36476
55201.75667
55206.14858
55210.54049
55214.9324
55219.32431
55223.71622
55228.10813
55232.50003
55236.89194
55241.28385
55245.67576
55250.06767
55254.45958
55258.85149
55263.2434
55267.63531
55272.02722
55276.41912
55280.81103
55285.20294
55289.59485
55293.98676
55298.37867
55302.77058
55307.16249
55311.5544
55315.9463
55320.33821
55324.73012
55329.12203
55333.51394
55337.90585
55342.29776
55346.68967
55351.08158
55355.47349
55359.86539
55364.2573
55368.64921
55373.04112
55377.43303
55381.82494
55386.21685
55390.60876
55395.00067
55399.39257
55403.78448
55408.17639
55412.5683
55416.96021
55421.35212
55425.74403
55430.13594
55434.52785
55438.91976
55443.31166
55447.70357
55452.09548
55456.48739
55460.8793
55465.27121
55469.66312
55474.05503
55478.44694
55482.83884
55487.23075
55491.62266
55496.01457
55500.40648
55504.79839
55509.1903
55513.58221
55517.97412
55522.36603
55526.75793
55531.14984
55535.54175
55539.93366
55544.32557
55548.71748
55553.10939
55557.5013
55561.89321
55566.28511
55570.67702
55575.06893
55579.46084
55583.85275
55588.24466
55592.63657
55597.02848
55601.42039
55605.8123
55610.2042
55614.59611
55618.98802
55623.37993
55627.77184
55632.16375
55636.55566
55640.94757
55645.33948
55649.73139
55654.12329
55658.5152
55662.90711
55667.29902
55671.69093
55676.08284
55680.47475
55684.86666
55689.25857
55693.65047
55698.04238
55702.43429
55706.8262
55711.21811
55715.61002
55720.00193
55724.39384
55728.78575
55733.17766
55737.56956
55741.96147
55746.35338
55750.74529
55755.1372
55759.52911
55763.92102
55768.31293
55772.70484
55777.09674
55781.48865
55785.88056
55790.27247
55794.66438
55799.05629
55803.4482
55807.84011
55812.23202
55816.62393
55821.01583
55825.40774
55829.79965
55834.19156
55838.58347
55842.97538
55847.36729
55851.7592
55856.15111
55860.54301
55864.93492
55869.32683
55873.71874
55878.11065
55882.50256
55886.89447
55891.28638
55895.67829
55900.0702
55904.4621
55908.85401
55913.24592
55917.63783
55922.02974
55926.42165
55930.81356
55935.20547
55939.59738
55943.98928
55948.38119
55952.7731
55957.16501
55961.55692
55965.94883
55970.34074
55974.73265
55979.12456
55983.51647
55987.90837
55992.30028
55996.69219
56001.0841
56005.47601
56009.86792
56014.25983
56018.65174
56023.04365
56027.43555
56031.82746
56036.21937
56040.61128
56045.00319
56049.3951
56053.78701
56058.17892
56062.57083
56066.96274
56071.35464
56075.74655
56080.13846
56084.53037
56088.92228
56093.31419
56097.7061
56102.09801
56106.48992
56110.88182
56115.27373
56119.66564
56124.05755
56128.44946
56132.84137
56137.23328
56141.62519
56146.0171
56150.40901
56154.80091
56159.19282
56163.58473
56167.97664
56172.36855
56176.76046
56181.15237
56185.54428
56189.93619
56194.32809
56198.72
56203.11191
56207.50382
56211.89573
56216.28764
56220.67955
56225.07146
56229.46337
56233.85528
56238.24718
56242.63909
56247.031
56251.42291
56255.81482
56260.20673
56264.59864
56268.99055
56273.38246
56277.77436
56282.16627
56286.55818
56290.95009
56295.342
56299.73391
56304.12582
56308.51773
56312.90964
56317.30155
56321.69345
56326.08536
56330.47727
56334.86918
56339.26109
56343.653
56348.04491
56352.43682
56356.82873
56361.22063
56365.61254
56370.00445
56374.39636
56378.78827
56383.18018
56387.57209
56391.964
56396.35591
56400.74782
56405.13972
56409.53163
56413.92354
56418.31545
56422.70736
56427.09927
56431.49118
56435.88309
56440.275
56444.6669
56449.05881
56453.45072
56457.84263
56462.23454
56466.62645
56471.01836
56475.41027
56479.80218
56484.19409
56488.58599
56492.9779
56497.36981
56501.76172
56506.15363
56510.54554
56514.93745
56519.32936
56523.72127
56528.11317
56532.50508
56536.89699
56541.2889
56545.68081
56550.07272
56554.46463
56558.85654
56563.24845
56567.64036
56572.03226
56576.42417
56580.81608
56585.20799
56589.5999
56593.99181
56598.38372
56602.77563
56607.16754
56611.55944
56615.95135
56620.34326
56624.73517
56629.12708
56633.51899
56637.9109
56642.30281
56646.69472
56651.08663
56655.47853
56659.87044
56664.26235
56668.65426
56673.04617
56677.43808
56681.82999
56686.2219
56690.61381
56695.00571
56699.39762
56703.78953
56708.18144
56712.57335
56716.96526
56721.35717
56725.74908
56730.14099
56734.5329
56738.9248
56743.31671
56747.70862
56752.10053
56756.49244
56760.88435
56765.27626
56769.66817
56774.06008
56778.45198
56782.84389
56787.2358
56791.62771
56796.01962
56800.41153
56804.80344
56809.19535
56813.58726
56817.97917
56822.37107
56826.76298
56831.15489
56835.5468
56839.93871
56844.33062
56848.72253
56853.11444
56857.50635
56861.89825
56866.29016
56870.68207
56875.07398
56879.46589
56883.8578
56888.24971
56892.64162
56897.03353
56901.42544
56905.81734
56910.20925
56914.60116
56918.99307
56923.38498
56927.77689
56932.1688
56936.56071
56940.95262
56945.34452
56949.73643
56954.12834
56958.52025
56962.91216
56967.30407
56971.69598
56976.08789
56980.4798
56984.87171
56989.26361
56993.65552
56998.04743
57002.43934
57006.83125
57011.22316
57015.61507
57020.00698
57024.39889
57028.7908
57033.1827
57037.57461
57041.96652
57046.35843
57050.75034
57055.14225
57059.53416
57063.92607
57068.31798
57072.70988
57077.10179
57081.4937
57085.88561
57090.27752
57094.66943
57099.06134
57103.45325
57107.84516
57112.23707
57116.62897
57121.02088
57125.41279
57129.8047
57134.19661
57138.58852
57142.98043
57147.37234
57151.76425
57156.15615
57160.54806
57164.93997
57169.33188
57173.72379
57178.1157
57182.50761
57186.89952
57191.29143
57195.68334
57200.07524
57204.46715
57208.85906
57213.25097
57217.64288
57222.03479
57226.4267
57230.81861
57235.21052
57239.60242
57243.99433
57248.38624
57252.77815
57257.17006
57261.56197
57265.95388
57270.34579
57274.7377
57279.12961
57283.52151
57287.91342
57292.30533
57296.69724
57301.08915
57305.48106
57309.87297
57314.26488
57318.65679
57323.04869
57327.4406
57331.83251
57336.22442
57340.61633
57345.00824
57349.40015
57353.79206
57358.18397
57362.57588
57366.96778
57371.35969
57375.7516
57380.14351
57384.53542
57388.92733
57393.31924
57397.71115
57402.10306
57406.49496
57410.88687
57415.27878
57419.67069
57424.0626
57428.45451
57432.84642
57437.23833
57441.63024
57446.02215
57450.41405
57454.80596
57459.19787
57463.58978
57467.98169
57472.3736
57476.76551
57481.15742
57485.54933
57489.94123
57494.33314
57498.72505
57503.11696
57507.50887
57511.90078
57516.29269
57520.6846
57525.07651
57529.46842
57533.86032
57538.25223
57542.64414
57547.03605
57551.42796
57555.81987
57560.21178
57564.60369
57568.9956
57573.3875
57577.77941
57582.17132
57586.56323
57590.95514
57595.34705
57599.73896
57604.13087
57608.52278
57612.91469
57617.30659
57621.6985
57626.09041
57630.48232
57634.87423
57639.26614
57643.65805
57648.04996
57652.44187
57656.83377
57661.22568
57665.61759
57670.0095
57674.40141
57678.79332
57683.18523
57687.57714
57691.96905
57696.36096
57700.75286
57705.14477
57709.53668
57713.92859
57718.3205
57722.71241
57727.10432
57731.49623
57735.88814
57740.28004
57744.67195
57749.06386
57753.45577
57757.84768
57762.23959
57766.6315
57771.02341
57775.41532
57779.80723
57784.19913
57788.59104
57792.98295
57797.37486
57801.76677
57806.15868
57810.55059
57814.9425
57819.33441
57823.72631
57828.11822
57832.51013
57836.90204
57841.29395
57845.68586
57850.07777
57854.46968
57858.86159
57863.2535
57867.6454
57872.03731
57876.42922
57880.82113
57885.21304
57889.60495
57893.99686
57898.38877
57902.78068
57907.17258
57911.56449
57915.9564
57920.34831
57924.74022
57929.13213
57933.52404
57937.91595
57942.30786
57946.69977
57951.09167
57955.48358
57959.87549
57964.2674
57968.65931
57973.05122
57977.44313
57981.83504
57986.22695
57990.61885
57995.01076
57999.40267
58003.79458
58008.18649
58012.5784
58016.97031
58021.36222
58025.75413
58030.14604
58034.53794
58038.92985
58043.32176
58047.71367
58052.10558
58056.49749
58060.8894
58065.28131
58069.67322
58074.06512
58078.45703
58082.84894
58087.24085
58091.63276
58096.02467
58100.41658
58104.80849
58109.2004
58113.59231
58117.98421
58122.37612
58126.76803
58131.15994
58135.55185
58139.94376
58144.33567
58148.72758
58153.11949
58157.51139
58161.9033
58166.29521
58170.68712
58175.07903
58179.47094
58183.86285
58188.25476
58192.64667
58197.03858
58201.43048
58205.82239
58210.2143
58214.60621
58218.99812
58223.39003
58227.78194
58232.17385
58236.56576
58240.95766
58245.34957
58249.74148
58254.13339
58258.5253
58262.91721
58267.30912
58271.70103
58276.09294
58280.48485
58284.87675
58289.26866
58293.66057
58298.05248
58302.44439
58306.8363
58311.22821
58315.62012
58320.01203
58324.40393
58328.79584
58333.18775
58337.57966
58341.97157
58346.36348
58350.75539
58355.1473
58359.53921
58363.93112
58368.32302
58372.71493
58377.10684
58381.49875
58385.89066
58390.28257
58394.67448
58399.06639
58403.4583
58407.85021
58412.24211
58416.63402
58421.02593
58425.41784
58429.80975
58434.20166
58438.59357
58442.98548
58447.37739
58451.76929
58456.1612
58460.55311
58464.94502
58469.33693
58473.72884
58478.12075
58482.51266
58486.90457
58491.29648
58495.68838
58500.08029
58504.4722
58508.86411
58513.25602
58517.64793
58522.03984
58526.43175
58530.82366
58535.21556
58539.60747
58543.99938
58548.39129
58552.7832
58557.17511
58561.56702
58565.95893
58570.35084
58574.74275
58579.13465
58583.52656
58587.91847
58592.31038
58596.70229
58601.0942
58605.48611
58609.87802
58614.26993
58618.66183
58623.05374
58627.44565
58631.83756
58636.22947
58640.62138
58645.01329
58649.4052
58653.79711
58658.18902
58662.58092
58666.97283
58671.36474
58675.75665
58680.14856
58684.54047
58688.93238
58693.32429
58697.7162
58702.1081
58706.50001
58710.89192
58715.28383
58719.67574
58724.06765
58728.45956
58732.85147
58737.24338
58741.63529
58746.02719
58750.4191
58754.81101
58759.20292
58763.59483
58767.98674
58772.37865
58776.77056
58781.16247
58785.55437
58789.94628
58794.33819
58798.7301
58803.12201
58807.51392
58811.90583
58816.29774
58820.68965
58825.08156
58829.47346
58833.86537
58838.25728
58842.64919
58847.0411
58851.43301
58855.82492
58860.21683
58864.60874
58869.00064
58873.39255
58877.78446
58882.17637
58886.56828
58890.96019
58895.3521
58899.74401
58904.13592
58908.52783
58912.91973
58917.31164
58921.70355
58926.09546
58930.48737
58934.87928
58939.27119
58943.6631
58948.05501
58952.44691
58956.83882
58961.23073
58965.62264
58970.01455
58974.40646
58978.79837
58983.19028
58987.58219
58991.9741
58996.366
59000.75791
59005.14982
59009.54173
59013.93364
59018.32555
59022.71746
59027.10937
59031.50128
59035.89318
59040.28509
59044.677
59049.06891
59053.46082
59057.85273
59062.24464
59066.63655
59071.02846
59075.42037
59079.81227
59084.20418
59088.59609
59092.988
59097.37991
59101.77182
59106.16373
59110.55564
59114.94755
59119.33945
59123.73136
59128.12327
59132.51518
59136.90709
59141.299
59145.69091
59150.08282
59154.47473
59158.86664
59163.25854
59167.65045
59172.04236
59176.43427
59180.82618
59185.21809
59189.61
59194.00191
59198.39382
59202.78572
59207.17763
59211.56954
59215.96145
59220.35336
59224.74527
59229.13718
59233.52909
59237.921
59242.31291
59246.70481
59251.09672
59255.48863
59259.88054
59264.27245
59268.66436
59273.05627
59277.44818
59281.84009
59286.23199
59290.6239
59295.01581
59299.40772
59303.79963
59308.19154
59312.58345
59316.97536
59321.36727
59325.75918
59330.15108
59334.54299
59338.9349
59343.32681
59347.71872
59352.11063
59356.50254
59360.89445
59365.28636
59369.67826
59374.07017
59378.46208
59382.85399
59387.2459
59391.63781
59396.02972
59400.42163
59404.81354
59409.20545
59413.59735
59417.98926
59422.38117
59426.77308
59431.16499
59435.5569
59439.94881
59444.34072
59448.73263
59453.12453
59457.51644
59461.90835
59466.30026
59470.69217
59475.08408
59479.47599
59483.8679
59488.25981
59492.65172
59497.04362
59501.43553
59505.82744
59510.21935
59514.61126
59519.00317
59523.39508
59527.78699
59532.1789
59536.5708
59540.96271
59545.35462
59549.74653
59554.13844
59558.53035
59562.92226
59567.31417
59571.70608
59576.09799
59580.48989
59584.8818
59589.27371
59593.66562
59598.05753
59602.44944
59606.84135
59611.23326
59615.62517
59620.01707
59624.40898
59628.80089
59633.1928
59637.58471
59641.97662
59646.36853
59650.76044
59655.15235
59659.54426
59663.93616
59668.32807
59672.71998
59677.11189
59681.5038
59685.89571
59690.28762
59694.67953
59699.07144
59703.46334
59707.85525
59712.24716
59716.63907
59721.03098
59725.42289
59729.8148
59734.20671
59738.59862
59742.99053
59747.38243
59751.77434
59756.16625
59760.55816
59764.95007
59769.34198
59773.73389
59778.1258
59782.51771
59786.90962
59791.30152
59795.69343
59800.08534
59804.47725
59808.86916
59813.26107
59817.65298
59822.04489
59826.4368
59830.8287
59835.22061
59839.61252
59844.00443
59848.39634
59852.78825
59857.18016
59861.57207
59865.96398
59870.35589
59874.74779
59879.1397
59883.53161
59887.92352
59892.31543
59896.70734
59901.09925
59905.49116
59909.88307
59914.27497
59918.66688
59923.05879
59927.4507
59931.84261
59936.23452
59940.62643
59945.01834
59949.41025
59953.80216
59958.19406
59962.58597
59966.97788
59971.36979
59975.7617
59980.15361
59984.54552
59988.93743
59993.32934
59997.72124
60002.11315
60006.50506
60010.89697
60015.28888
60019.68079
60024.0727
60028.46461
60032.85652
60037.24843
60041.64033
60046.03224
60050.42415
60054.81606
60059.20797
60063.59988
60067.99179
60072.3837
60076.77561
60081.16751
60085.55942
60089.95133
60094.34324
60098.73515
60103.12706
60107.51897
60111.91088
60116.30279
60120.6947
60125.0866
60129.47851
60133.87042
60138.26233
60142.65424
60147.04615
60151.43806
60155.82997
60160.22188
60164.61378
60169.00569
60173.3976
60177.78951
60182.18142
60186.57333
60190.96524
60195.35715
60199.74906
60204.14097
60208.53287
60212.92478
60217.31669
60221.7086
60226.10051
60230.49242
60234.88433
60239.27624
60243.66815
60248.06005
60252.45196
60256.84387
60261.23578
60265.62769
60270.0196
60274.41151
60278.80342
60283.19533
60287.58724
60291.97914
60296.37105
60300.76296
60305.15487
60309.54678
60313.93869
60318.3306
60322.72251
60327.11442
60331.50632
60335.89823
60340.29014
60344.68205
60349.07396
60353.46587
60357.85778
60362.24969
60366.6416
60371.03351
60375.42541
60379.81732
60384.20923
60388.60114
60392.99305
60397.38496
60401.77687
60406.16878
60410.56069
60414.95259
60419.3445
60423.73641
60428.12832
60432.52023
60436.91214
60441.30405
60445.69596
60450.08787
60454.47978
60458.87168
60463.26359
60467.6555
60472.04741
60476.43932
60480.83123
60485.22314
60489.61505
60494.00696
60498.39886
60502.79077
60507.18268
60511.57459
60515.9665
60520.35841
60524.75032
60529.14223
60533.53414
60537.92605
60542.31795
60546.70986
60551.10177
60555.49368
60559.88559
60564.2775
60568.66941
60573.06132
60577.45323
60581.84513
60586.23704
60590.62895
60595.02086
60599.41277
60603.80468
60608.19659
60612.5885
60616.98041
60621.37232
60625.76422
60630.15613
60634.54804
60638.93995
60643.33186
60647.72377
60652.11568
60656.50759
60660.8995
60665.2914
60669.68331
60674.07522
60678.46713
60682.85904
60687.25095
60691.64286
60696.03477
60700.42668
60704.81859
60709.21049
60713.6024
60717.99431
60722.38622
60726.77813
60731.17004
60735.56195
60739.95386
60744.34577
60748.73767
60753.12958
60757.52149
60761.9134
60766.30531
60770.69722
60775.08913
60779.48104
60783.87295
60788.26486
60792.65676
60797.04867
60801.44058
60805.83249
60810.2244
60814.61631
60819.00822
60823.40013
60827.79204
60832.18394
60836.57585
60840.96776
60845.35967
60849.75158
60854.14349
60858.5354
60862.92731
60867.31922
60871.71113
60876.10303
60880.49494
60884.88685
60889.27876
60893.67067
60898.06258
60902.45449
60906.8464
60911.23831
60915.63021
60920.02212
60924.41403
60928.80594
60933.19785
60937.58976
60941.98167
60946.37358
60950.76549
60955.1574
60959.5493
60963.94121
60968.33312
60972.72503
60977.11694
60981.50885
60985.90076
60990.29267
60994.68458
60999.07648
61003.46839
61007.8603
61012.25221
61016.64412
61021.03603
61025.42794
61029.81985
61034.21176
61038.60367
61042.99557
61047.38748
61051.77939
61056.1713
61060.56321
61064.95512
61069.34703
61073.73894
61078.13085
61082.52275
61086.91466
61091.30657
61095.69848
61100.09039
61104.4823
61108.87421
61113.26612
61117.65803
61122.04994
61126.44184
61130.83375
61135.22566
61139.61757
61144.00948
61148.40139
61152.7933
61157.18521
61161.57712
61165.96902
61170.36093
61174.75284
61179.14475
61183.53666
61187.92857
61192.32048
61196.71239
61201.1043
61205.49621
61209.88811
61214.28002
61218.67193
61223.06384
61227.45575
61231.84766
61236.23957
61240.63148
61245.02339
61249.4153
61253.8072
61258.19911
61262.59102
61266.98293
61271.37484
61275.76675
61280.15866
61284.55057
61288.94248
61293.33438
61297.72629
61302.1182
61306.51011
61310.90202
61315.29393
61319.68584
61324.07775
61328.46966
61332.86157
61337.25347
61341.64538
61346.03729
61350.4292
61354.82111
61359.21302
61363.60493
61367.99684
61372.38875
61376.78065
61381.17256
61385.56447
61389.95638
61394.34829
61398.7402
61403.13211
61407.52402
61411.91593
61416.30784
61420.69974
61425.09165
61429.48356
61433.87547
61438.26738
61442.65929
61447.0512
61451.44311
61455.83502
61460.22692
61464.61883
61469.01074
61473.40265
61477.79456
61482.18647
61486.57838
61490.97029
61495.3622
61499.75411
61504.14601
61508.53792
61512.92983
61517.32174
61521.71365
61526.10556
61530.49747
61534.88938
61539.28129
61543.67319
61548.0651
61552.45701
61556.84892
61561.24083
61565.63274
61570.02465
61574.41656
61578.80847
61583.20038
61587.59228
61591.98419
61596.3761
61600.76801
61605.15992
61609.55183
61613.94374
61618.33565
61622.72756
61627.11946
61631.51137
61635.90328
61640.29519
61644.6871
61649.07901
61653.47092
61657.86283
61662.25474
61666.64665
61671.03855
61675.43046
61679.82237
61684.21428
61688.60619
61692.9981
61697.39001
61701.78192
61706.17383
61710.56573
61714.95764
61719.34955
61723.74146
61728.13337
61732.52528
61736.91719
61741.3091
61745.70101
61750.09292
61754.48482
61758.87673
61763.26864
61767.66055
61772.05246
61776.44437
61780.83628
61785.22819
61789.6201
61794.012
61798.40391
61802.79582
61807.18773
61811.57964
61815.97155
61820.36346
61824.75537
61829.14728
61833.53919
61837.93109
61842.323
61846.71491
61851.10682
61855.49873
61859.89064
61864.28255
61868.67446
61873.06637
61877.45827
61881.85018
61886.24209
61890.634
61895.02591
61899.41782
61903.80973
61908.20164
61912.59355
61916.98546
61921.37736
61925.76927
61930.16118
61934.55309
61938.945
61943.33691
61947.72882
61952.12073
61956.51264
61960.90454
61965.29645
61969.68836
61974.08027
61978.47218
61982.86409
61987.256
61991.64791
61996.03982
62000.43173
62004.82363
62009.21554
62013.60745
62017.99936
62022.39127
62026.78318
62031.17509
62035.567
62039.95891
62044.35081
62048.74272
62053.13463
62057.52654
62061.91845
62066.31036
62070.70227
62075.09418
62079.48609
62083.878
62088.2699
62092.66181
62097.05372
62101.44563
62105.83754
62110.22945
62114.62136
62119.01327
62123.40518
62127.79708
62132.18899
62136.5809
62140.97281
62145.36472
62149.75663
62154.14854
62158.54045
62162.93236
62167.32427
62171.71617
62176.10808
62180.49999
62184.8919
62189.28381
62193.67572
62198.06763
62202.45954
62206.85145
62211.24335
62215.63526
62220.02717
62224.41908
62228.81099
62233.2029
62237.59481
62241.98672
62246.37863
62250.77054
62255.16244
62259.55435
62263.94626
62268.33817
62272.73008
62277.12199
62281.5139
62285.90581
62290.29772
62294.68962
62299.08153
62303.47344
62307.86535
62312.25726
62316.64917
62321.04108
62325.43299
62329.8249
62334.21681
62338.60871
62343.00062
62347.39253
62351.78444
62356.17635
62360.56826
62364.96017
62369.35208
62373.74399
62378.13589
62382.5278
62386.91971
62391.31162
62395.70353
62400.09544
62404.48735
62408.87926
62413.27117
62417.66308
62422.05498
62426.44689
62430.8388
62435.23071
62439.62262
62444.01453
62448.40644
62452.79835
62457.19026
62461.58216
62465.97407
62470.36598
62474.75789
62479.1498
62483.54171
62487.93362
62492.32553
62496.71744
62501.10935
62505.50125
62509.89316
62514.28507
62518.67698
62523.06889
62527.4608
62531.85271
62536.24462
62540.63653
62545.02843
62549.42034
62553.81225
62558.20416
62562.59607
62566.98798
62571.37989
62575.7718
62580.16371
62584.55562
62588.94752
62593.33943
62597.73134
62602.12325
62606.51516
62610.90707
62615.29898
62619.69089
62624.0828
62628.47471
62632.86661
62637.25852
62641.65043
62646.04234
62650.43425
62654.82616
62659.21807
62663.60998
62668.00189
62672.39379
62676.7857
62681.17761
62685.56952
62689.96143
62694.35334
62698.74525
62703.13716
62707.52907
62711.92098
62716.31288
62720.70479
62725.0967
62729.48861
62733.88052
62738.27243
62742.66434
62747.05625
62751.44816
62755.84006
62760.23197
62764.62388
62769.01579
62773.4077
62777.79961
62782.19152
62786.58343
62790.97534
62795.36725
62799.75915
62804.15106
62808.54297
62812.93488
62817.32679
62821.7187
62826.11061
62830.50252
62834.89443
62839.28633
62843.67824
62848.07015
62852.46206
62856.85397
62861.24588
62865.63779
62870.0297
62874.42161
62878.81352
62883.20542
62887.59733
62891.98924
62896.38115
62900.77306
62905.16497
62909.55688
62913.94879
62918.3407
62922.7326
62927.12451
62931.51642
62935.90833
62940.30024
62944.69215
62949.08406
62953.47597
62957.86788
62962.25979
62966.65169
62971.0436
62975.43551
62979.82742
62984.21933
62988.61124
62993.00315
62997.39506
63001.78697
63006.17887
63010.57078
63014.96269
63019.3546
63023.74651
63028.13842
63032.53033
63036.92224
63041.31415
63045.70606
63050.09796
63054.48987
63058.88178
63063.27369
63067.6656
63072.05751
63076.44942
63080.84133
63085.23324
63089.62514
63094.01705
63098.40896
63102.80087
63107.19278
63111.58469
63115.9766
63120.36851
63124.76042
63129.15233
63133.54423
63137.93614
63142.32805
63146.71996
63151.11187
63155.50378
63159.89569
63164.2876
63168.67951
63173.07141
63177.46332
63181.85523
63186.24714
63190.63905
63195.03096
63199.42287
63203.81478
63208.20669
63212.5986
63216.9905
63221.38241
63225.77432
63230.16623
63234.55814
63238.95005
63243.34196
63247.73387
63252.12578
63256.51768
63260.90959
63265.3015
63269.69341
63274.08532
63278.47723
63282.86914
63287.26105
63291.65296
63296.04487
63300.43677
63304.82868
63309.22059
63313.6125
63318.00441
63322.39632
63326.78823
63331.18014
63335.57205
63339.96395
63344.35586
63348.74777
63353.13968
63357.53159
63361.9235
63366.31541
63370.70732
63375.09923
63379.49114
63383.88304
63388.27495
63392.66686
63397.05877
63401.45068
63405.84259
63410.2345
63414.62641
63419.01832
63423.41022
63427.80213
63432.19404
63436.58595
63440.97786
63445.36977
63449.76168
63454.15359
63458.5455
63462.93741
63467.32931
63471.72122
63476.11313
63480.50504
63484.89695
63489.28886
63493.68077
63498.07268
63502.46459
63506.85649
63511.2484
63515.64031
63520.03222
63524.42413
63528.81604
63533.20795
63537.59986
63541.99177
63546.38368
63550.77558
63555.16749
63559.5594
63563.95131
63568.34322
63572.73513
63577.12704
63581.51895
63585.91086
63590.30276
63594.69467
63599.08658
63603.47849
63607.8704
63612.26231
63616.65422
63621.04613
63625.43804
63629.82995
63634.22185
63638.61376
63643.00567
63647.39758
63651.78949
63656.1814
63660.57331
63664.96522
63669.35713
63673.74903
63678.14094
63682.53285
63686.92476
63691.31667
63695.70858
63700.10049
63704.4924
63708.88431
63713.27622
63717.66812
63722.06003
63726.45194
63730.84385
63735.23576
63739.62767
63744.01958
63748.41149
63752.8034
63757.1953
63761.58721
63765.97912
63770.37103
63774.76294
63779.15485
63783.54676
63787.93867
63792.33058
63796.72249
63801.11439
63805.5063
63809.89821
63814.29012
63818.68203
63823.07394
63827.46585
63831.85776
63836.24967
63840.64157
63845.03348
63849.42539
63853.8173
63858.20921
63862.60112
63866.99303
63871.38494
63875.77685
63880.16876
63884.56066
63888.95257
63893.34448
63897.73639
63902.1283
63906.52021
63910.91212
63915.30403
63919.69594
63924.08784
63928.47975
63932.87166
63937.26357
63941.65548
63946.04739
63950.4393
63954.83121
63959.22312
63963.61503
63968.00693
63972.39884
63976.79075
63981.18266
63985.57457
63989.96648
63994.35839
63998.7503
64003.14221
64007.53412
64011.92602
64016.31793
64020.70984
64025.10175
64029.49366
64033.88557
64038.27748
64042.66939
64047.0613
64051.4532
64055.84511
64060.23702
64064.62893
64069.02084
64073.41275
64077.80466
64082.19657
64086.58848
64090.98039
64095.37229
64099.7642
64104.15611
64108.54802
64112.93993
64117.33184
64121.72375
64126.11566
64130.50757
64134.89947
64139.29138
64143.68329
64148.0752
64152.46711
64156.85902
64161.25093
64165.64284
64170.03475
64174.42666
64178.81856
64183.21047
64187.60238
64191.99429
64196.3862
64200.77811
64205.17002
64209.56193
64213.95384
64218.34574
64222.73765
64227.12956
64231.52147
64235.91338
64240.30529
64244.6972
64249.08911
64253.48102
64257.87293
64262.26483
64266.65674
64271.04865
64275.44056
64279.83247
64284.22438
64288.61629
64293.0082
64297.40011
64301.79201
64306.18392
64310.57583
64314.96774
64319.35965
64323.75156
64328.14347
64332.53538
64336.92729
64341.3192
64345.7111
64350.10301
64354.49492
64358.88683
64363.27874
64367.67065
64372.06256
64376.45447
64380.84638
64385.23828
64389.63019
64394.0221
64398.41401
64402.80592
64407.19783
64411.58974
64415.98165
64420.37356
64424.76547
64429.15737
64433.54928
64437.94119
64442.3331
64446.72501
64451.11692
64455.50883
64459.90074
64464.29265
64468.68455
64473.07646
64477.46837
64481.86028
64486.25219
64490.6441
64495.03601
64499.42792
64503.81983
64508.21174
64512.60364
64516.99555
64521.38746
64525.77937
64530.17128
64534.56319
64538.9551
64543.34701
64547.73892
64552.13082
64556.52273
64560.91464
64565.30655
64569.69846
64574.09037
64578.48228
64582.87419
64587.2661
64591.65801
64596.04991
64600.44182
64604.83373
64609.22564
64613.61755
64618.00946
64622.40137
64626.79328
64631.18519
64635.57709
64639.969
64644.36091
64648.75282
64653.14473
64657.53664
64661.92855
64666.32046
64670.71237
64675.10428
64679.49618
64683.88809
64688.28
64692.67191
64697.06382
64701.45573
64705.84764
64710.23955
64714.63146
64719.02336
64723.41527
64727.80718
64732.19909
64736.591
64740.98291
64745.37482
64749.76673
64754.15864
64758.55055
64762.94245
64767.33436
64771.72627
64776.11818
64780.51009
64784.902
64789.29391
64793.68582
64798.07773
64802.46963
64806.86154
64811.25345
64815.64536
64820.03727
64824.42918
64828.82109
64833.213
64837.60491
64841.99682
64846.38872
64850.78063
64855.17254
64859.56445
64863.95636
64868.34827
64872.74018
64877.13209
64881.524
64885.9159
64890.30781
64894.69972
64899.09163
64903.48354
64907.87545
64912.26736
64916.65927
64921.05118
64925.44309
64929.83499
64934.2269
64938.61881
64943.01072
64947.40263
64951.79454
64956.18645
64960.57836
64964.97027
64969.36217
64973.75408
64978.14599
64982.5379
64986.92981
64991.32172
64995.71363
65000.10554
65004.49745
65008.88936
65013.28126
65017.67317
65022.06508
65026.45699
65030.8489
65035.24081
65039.63272
65044.02463
65048.41654
65052.80844
65057.20035
65061.59226
65065.98417
65070.37608
65074.76799
65079.1599
65083.55181
65087.94372
65092.33563
65096.72753
65101.11944
65105.51135
65109.90326
65114.29517
65118.68708
65123.07899
65127.4709
65131.86281
65136.25471
65140.64662
65145.03853
65149.43044
65153.82235
65158.21426
65162.60617
65166.99808
65171.38999
65175.7819
65180.1738
65184.56571
65188.95762
65193.34953
65197.74144
65202.13335
65206.52526
65210.91717
65215.30908
65219.70098
65224.09289
65228.4848
65232.87671
65237.26862
65241.66053
65246.05244
65250.44435
65254.83626
65259.22817
65263.62007
65268.01198
65272.40389
65276.7958
65281.18771
65285.57962
65289.97153
65294.36344
65298.75535
65303.14725
65307.53916
65311.93107
65316.32298
65320.71489
65325.1068
65329.49871
65333.89062
65338.28253
65342.67444
65347.06634
65351.45825
65355.85016
65360.24207
65364.63398
65369.02589
65373.4178
65377.80971
65382.20162
65386.59353
65390.98543
65395.37734
65399.76925
65404.16116
65408.55307
65412.94498
65417.33689
65421.7288
65426.12071
65430.51261
65434.90452
65439.29643
65443.68834
65448.08025
65452.47216
65456.86407
65461.25598
65465.64789
65470.0398
65474.4317
65478.82361
65483.21552
65487.60743
65491.99934
65496.39125
65500.78316
65505.17507
65509.56698
65513.95888
65518.35079
65522.7427
65527.13461
65531.52652
65535.91843
65540.31034
65544.70225
65549.09416
65553.48607
65557.87797
65562.26988
65566.66179
65571.0537
65575.44561
65579.83752
65584.22943
65588.62134
65593.01325
65597.40515
65601.79706
65606.18897
65610.58088
65614.97279
65619.3647
65623.75661
65628.14852
65632.54043
65636.93234
65641.32424
65645.71615
65650.10806
65654.49997
65658.89188
65663.28379
65667.6757
65672.06761
65676.45952
65680.85142
65685.24333
65689.63524
65694.02715
65698.41906
65702.81097
65707.20288
65711.59479
65715.9867
65720.37861
65724.77051
65729.16242
65733.55433
65737.94624
65742.33815
65746.73006
65751.12197
65755.51388
65759.90579
65764.29769
65768.6896
65773.08151
65777.47342
65781.86533
65786.25724
65790.64915
65795.04106
65799.43297
65803.82488
65808.21678
65812.60869
65817.0006
65821.39251
65825.78442
65830.17633
65834.56824
65838.96015
65843.35206
65847.74396
65852.13587
65856.52778
65860.91969
65865.3116
65869.70351
65874.09542
65878.48733
65882.87924
65887.27115
65891.66305
65896.05496
65900.44687
65904.83878
65909.23069
65913.6226
65918.01451
65922.40642
65926.79833
65931.19023
65935.58214
65939.97405
65944.36596
65948.75787
65953.14978
65957.54169
65961.9336
65966.32551
65970.71742
65975.10932
65979.50123
65983.89314
65988.28505
65992.67696
65997.06887
66001.46078
66005.85269
66010.2446
66014.6365
66019.02841
66023.42032
66027.81223
66032.20414
66036.59605
66040.98796
66045.37987
66049.77178
66054.16369
66058.55559
66062.9475
66067.33941
66071.73132
66076.12323
66080.51514
66084.90705
66089.29896
66093.69087
66098.08277
66102.47468
66106.86659
66111.2585
66115.65041
66120.04232
66124.43423
66128.82614
66133.21805
66137.60996
66142.00186
66146.39377
66150.78568
66155.17759
66159.5695
66163.96141
66168.35332
66172.74523
66177.13714
66181.52904
66185.92095
66190.31286
66194.70477
66199.09668
66203.48859
66207.8805
66212.27241
66216.66432
66221.05623
66225.44813
66229.84004
66234.23195
66238.62386
66243.01577
66247.40768
66251.79959
66256.1915
66260.58341
66264.97531
66269.36722
66273.75913
66278.15104
66282.54295
66286.93486
66291.32677
66295.71868
66300.11059
66304.5025
66308.8944
66313.28631
66317.67822
66322.07013
66326.46204
66330.85395
66335.24586
66339.63777
66344.02968
66348.42158
66352.81349
66357.2054
66361.59731
66365.98922
66370.38113
66374.77304
66379.16495
66383.55686
66387.94877
66392.34067
66396.73258
66401.12449
66405.5164
66409.90831
66414.30022
66418.69213
66423.08404
66427.47595
66431.86785
66436.25976
66440.65167
66445.04358
66449.43549
66453.8274
66458.21931
66462.61122
66467.00313
66471.39504
66475.78694
66480.17885
66484.57076
66488.96267
66493.35458
66497.74649
66502.1384
66506.53031
66510.92222
66515.31412
66519.70603
66524.09794
66528.48985
66532.88176
66537.27367
66541.66558
66546.05749
66550.4494
66554.84131
66559.23321
66563.62512
66568.01703
66572.40894
66576.80085
66581.19276
66585.58467
66589.97658
66594.36849
66598.76039
66603.1523
66607.54421
66611.93612
66616.32803
66620.71994
66625.11185
66629.50376
66633.89567
66638.28758
66642.67948
66647.07139
66651.4633
66655.85521
66660.24712
66664.63903
66669.03094
66673.42285
66677.81476
66682.20666
66686.59857
66690.99048
66695.38239
66699.7743
66704.16621
66708.55812
66712.95003
66717.34194
66721.73385
66726.12575
66730.51766
66734.90957
66739.30148
66743.69339
66748.0853
66752.47721
66756.86912
66761.26103
66765.65294
66770.04484
66774.43675
66778.82866
66783.22057
66787.61248
66792.00439
66796.3963
66800.78821
66805.18012
66809.57202
66813.96393
66818.35584
66822.74775
66827.13966
66831.53157
66835.92348
66840.31539
66844.7073
66849.09921
66853.49111
66857.88302
66862.27493
66866.66684
66871.05875
66875.45066
66879.84257
66884.23448
66888.62639
66893.01829
66897.4102
66901.80211
66906.19402
66910.58593
66914.97784
66919.36975
66923.76166
66928.15357
66932.54548
66936.93738
66941.32929
66945.7212
66950.11311
66954.50502
66958.89693
66963.28884
66967.68075
66972.07266
66976.46456
66980.85647
66985.24838
66989.64029
66994.0322
66998.42411
67002.81602
67007.20793
67011.59984
67015.99175
67020.38365
67024.77556
67029.16747
67033.55938
67037.95129
67042.3432
67046.73511
67051.12702
67055.51893
67059.91083
67064.30274
67068.69465
67073.08656
67077.47847
67081.87038
67086.26229
67090.6542
67095.04611
67099.43802
67103.82992
67108.22183
67112.61374
67117.00565
67121.39756
67125.78947
67130.18138
67134.57329
67138.9652
67143.3571
67147.74901
67152.14092
67156.53283
67160.92474
67165.31665
67169.70856
67174.10047
67178.49238
67182.88429
67187.27619
67191.6681
67196.06001
67200.45192
67204.84383
67209.23574
67213.62765
67218.01956
67222.41147
67226.80337
67231.19528
67235.58719
67239.9791
67244.37101
67248.76292
67253.15483
67257.54674
67261.93865
67266.33056
67270.72246
67275.11437
67279.50628
67283.89819
67288.2901
67292.68201
67297.07392
67301.46583
67305.85774
67310.24964
67314.64155
67319.03346
67323.42537
67327.81728
67332.20919
67336.6011
67340.99301
67345.38492
67349.77683
67354.16873
67358.56064
67362.95255
67367.34446
67371.73637
67376.12828
67380.52019
67384.9121
67389.30401
67393.69591
67398.08782
67402.47973
67406.87164
67411.26355
67415.65546
67420.04737
67424.43928
67428.83119
67433.2231
67437.615
67442.00691
67446.39882
67450.79073
67455.18264
67459.57455
67463.96646
67468.35837
67472.75028
67477.14218
67481.53409
67485.926
67490.31791
67494.70982
67499.10173
67503.49364
67507.88555
67512.27746
67516.66937
67521.06127
67525.45318
67529.84509
67534.237
67538.62891
67543.02082
67547.41273
67551.80464
67556.19655
67560.58845
67564.98036
67569.37227
67573.76418
67578.15609
67582.548
67586.93991
67591.33182
67595.72373
67600.11564
67604.50754
67608.89945
67613.29136
67617.68327
67622.07518
67626.46709
67630.859
67635.25091
67639.64282
67644.03472
67648.42663
67652.81854
67657.21045
67661.60236
67665.99427
67670.38618
67674.77809
67679.17
67683.56191
67687.95381
67692.34572
67696.73763
67701.12954
67705.52145
67709.91336
67714.30527
67718.69718
67723.08909
67727.48099
67731.8729
67736.26481
67740.65672
67745.04863
67749.44054
67753.83245
67758.22436
67762.61627
67767.00818
67771.40008
67775.79199
67780.1839
67784.57581
67788.96772
67793.35963
67797.75154
67802.14345
67806.53536
67810.92726
67815.31917
67819.71108
67824.10299
67828.4949
67832.88681
67837.27872
67841.67063
67846.06254
67850.45445
67854.84635
67859.23826
67863.63017
67868.02208
67872.41399
67876.8059
67881.19781
67885.58972
67889.98163
67894.37353
67898.76544
67903.15735
67907.54926
67911.94117
67916.33308
67920.72499
67925.1169
67929.50881
67933.90072
67938.29262
67942.68453
67947.07644
67951.46835
67955.86026
67960.25217
67964.64408
67969.03599
67973.4279
67977.8198
67982.21171
67986.60362
67990.99553
67995.38744
67999.77935
68004.17126
68008.56317
68012.95508
68017.34699
68021.73889
68026.1308
68030.52271
68034.91462
68039.30653
68043.69844
68048.09035
68052.48226
68056.87417
68061.26607
68065.65798
68070.04989
68074.4418
68078.83371
68083.22562
68087.61753
68092.00944
68096.40135
68100.79326
68105.18516
68109.57707
68113.96898
68118.36089
68122.7528
68127.14471
68131.53662
68135.92853
68140.32044
68144.71235
68149.10425
68153.49616
68157.88807
68162.27998
68166.67189
68171.0638
68175.45571
68179.84762
68184.23953
68188.63143
68193.02334
68197.41525
68201.80716
68206.19907
68210.59098
68214.98289
68219.3748
68223.76671
68228.15862
68232.55052
68236.94243
68241.33434
68245.72625
68250.11816
68254.51007
68258.90198
68263.29389
68267.6858
68272.0777
68276.46961
68280.86152
68285.25343
68289.64534
68294.03725
68298.42916
68302.82107
68307.21298
68311.60489
68315.99679
68320.3887
68324.78061
68329.17252
68333.56443
68337.95634
68342.34825
68346.74016
68351.13207
68355.52397
68359.91588
68364.30779
68368.6997
68373.09161
68377.48352
68381.87543
68386.26734
68390.65925
68395.05116
68399.44306
68403.83497
68408.22688
68412.61879
68417.0107
68421.40261
68425.79452
68430.18643
68434.57834
68438.97024
68443.36215
68447.75406
68452.14597
68456.53788
68460.92979
68465.3217
68469.71361
68474.10552
68478.49743
68482.88933
68487.28124
68491.67315
68496.06506
68500.45697
68504.84888
68509.24079
68513.6327
68518.02461
68522.41651
68526.80842
68531.20033
68535.59224
68539.98415
68544.37606
68548.76797
68553.15988
68557.55179
68561.9437
68566.3356
68570.72751
68575.11942
68579.51133
68583.90324
68588.29515
68592.68706
68597.07897
68601.47088
68605.86278
68610.25469
68614.6466
68619.03851
68623.43042
68627.82233
68632.21424
68636.60615
68640.99806
68645.38997
68649.78187
68654.17378
68658.56569
68662.9576
68667.34951
68671.74142
68676.13333
68680.52524
68684.91715
68689.30905
68693.70096
68698.09287
68702.48478
68706.87669
68711.2686
68715.66051
68720.05242
68724.44433
68728.83624
68733.22814
68737.62005
68742.01196
68746.40387
68750.79578
68755.18769
68759.5796
68763.97151
68768.36342
68772.75532
68777.14723
68781.53914
68785.93105
68790.32296
68794.71487
68799.10678
68803.49869
68807.8906
68812.28251
68816.67441
68821.06632
68825.45823
68829.85014
68834.24205
68838.63396
68843.02587
68847.41778
68851.80969
68856.20159
68860.5935
68864.98541
68869.37732
68873.76923
68878.16114
68882.55305
68886.94496
68891.33687
68895.72878
68900.12068
68904.51259
68908.9045
68913.29641
68917.68832
68922.08023
68926.47214
68930.86405
68935.25596
68939.64786
68944.03977
68948.43168
68952.82359
68957.2155
68961.60741
68965.99932
68970.39123
68974.78314
68979.17505
68983.56695
68987.95886
68992.35077
68996.74268
69001.13459
69005.5265
69009.91841
69014.31032
69018.70223
69023.09413
69027.48604
69031.87795
69036.26986
69040.66177
69045.05368
69049.44559
69053.8375
69058.22941
69062.62132
69067.01322
69071.40513
69075.79704
69080.18895
69084.58086
69088.97277
69093.36468
69097.75659
69102.1485
69106.5404
69110.93231
69115.32422
69119.71613
69124.10804
69128.49995
69132.89186
69137.28377
69141.67568
69146.06759
69150.45949
69154.8514
69159.24331
69163.63522
69168.02713
69172.41904
69176.81095
69181.20286
69185.59477
69189.98667
69194.37858
69198.77049
69203.1624
69207.55431
69211.94622
69216.33813
69220.73004
69225.12195
69229.51386
69233.90576
69238.29767
69242.68958
69247.08149
69251.4734
69255.86531
69260.25722
69264.64913
69269.04104
69273.43294
69277.82485
69282.21676
69286.60867
69291.00058
69295.39249
69299.7844
69304.17631
69308.56822
69312.96013
69317.35203
69321.74394
69326.13585
69330.52776
69334.91967
69339.31158
69343.70349
69348.0954
69352.48731
69356.87921
69361.27112
69365.66303
69370.05494
69374.44685
69378.83876
69383.23067
69387.62258
69392.01449
69396.4064
69400.7983
69405.19021
69409.58212
69413.97403
69418.36594
69422.75785
69427.14976
69431.54167
69435.93358
69440.32548
69444.71739
69449.1093
69453.50121
69457.89312
69462.28503
69466.67694
69471.06885
69475.46076
69479.85267
69484.24457
69488.63648
69493.02839
69497.4203
69501.81221
69506.20412
69510.59603
69514.98794
69519.37985
69523.77176
69528.16366
69532.55557
69536.94748
69541.33939
69545.7313
69550.12321
69554.51512
69558.90703
69563.29894
69567.69084
69572.08275
69576.47466
69580.86657
69585.25848
69589.65039
69594.0423
69598.43421
69602.82612
69607.21803
69611.60993
69616.00184
69620.39375
69624.78566
69629.17757
69633.56948
69637.96139
69642.3533
69646.74521
69651.13711
69655.52902
69659.92093
69664.31284
69668.70475
69673.09666
69677.48857
69681.88048
69686.27239
69690.6643
69695.0562
69699.44811
69703.84002
69708.23193
69712.62384
69717.01575
69721.40766
69725.79957
69730.19148
69734.58338
69738.97529
69743.3672
69747.75911
69752.15102
69756.54293
69760.93484
69765.32675
69769.71866
69774.11057
69778.50247
69782.89438
69787.28629
69791.6782
69796.07011
69800.46202
69804.85393
69809.24584
69813.63775
69818.02965
69822.42156
69826.81347
69831.20538
69835.59729
69839.9892
69844.38111
69848.77302
69853.16493
69857.55684
69861.94874
69866.34065
69870.73256
69875.12447
69879.51638
69883.90829
69888.3002
69892.69211
69897.08402
69901.47592
69905.86783
69910.25974
69914.65165
69919.04356
69923.43547
69927.82738
69932.21929
69936.6112
69941.00311
69945.39501
69949.78692
69954.17883
69958.57074
69962.96265
69967.35456
69971.74647
69976.13838
69980.53029
69984.92219
69989.3141
69993.70601
69998.09792
70002.48983
70006.88174
70011.27365
70015.66556
70020.05747
70024.44938
70028.84128
70033.23319
70037.6251
70042.01701
70046.40892
70050.80083
70055.19274
70059.58465
70063.97656
70068.36846
70072.76037
70077.15228
70081.54419
70085.9361
70090.32801
70094.71992
70099.11183
70103.50374
70107.89565
70112.28755
70116.67946
70121.07137
70125.46328
70129.85519
70134.2471
70138.63901
70143.03092
70147.42283
70151.81473
70156.20664
70160.59855
70164.99046
70169.38237
70173.77428
70178.16619
70182.5581
70186.95001
70191.34192
70195.73382
70200.12573
70204.51764
70208.90955
70213.30146
70217.69337
70222.08528
70226.47719
70230.8691
70235.261
70239.65291
70244.04482
70248.43673
70252.82864
70257.22055
70261.61246
70266.00437
70270.39628
70274.78819
70279.18009
70283.572
70287.96391
70292.35582
70296.74773
70301.13964
70305.53155
70309.92346
70314.31537
70318.70727
70323.09918
70327.49109
70331.883
70336.27491
70340.66682
70345.05873
70349.45064
70353.84255
70358.23446
70362.62636
70367.01827
70371.41018
70375.80209
70380.194
70384.58591
70388.97782
70393.36973
70397.76164
70402.15354
70406.54545
70410.93736
70415.32927
70419.72118
70424.11309
70428.505
70432.89691
70437.28882
70441.68073
70446.07263
70450.46454
70454.85645
70459.24836
70463.64027
70468.03218
70472.42409
70476.816
70481.20791
70485.59981
70489.99172
70494.38363
70498.77554
70503.16745
70507.55936
70511.95127
70516.34318
70520.73509
70525.127
70529.5189
70533.91081
70538.30272
70542.69463
70547.08654
70551.47845
70555.87036
70560.26227
70564.65418
70569.04608
70573.43799
70577.8299
70582.22181
70586.61372
70591.00563
70595.39754
70599.78945
70604.18136
70608.57327
70612.96517
70617.35708
70621.74899
70626.1409
70630.53281
70634.92472
70639.31663
70643.70854
70648.10045
70652.49235
70656.88426
70661.27617
70665.66808
70670.05999
70674.4519
70678.84381
70683.23572
70687.62763
70692.01954
70696.41144
70700.80335
70705.19526
70709.58717
70713.97908
70718.37099
70722.7629
70727.15481
70731.54672
70735.93862
70740.33053
70744.72244
70749.11435
70753.50626
70757.89817
70762.29008
70766.68199
70771.0739
70775.46581
70779.85771
70784.24962
70788.64153
70793.03344
70797.42535
70801.81726
70806.20917
70810.60108
70814.99299
70819.38489
70823.7768
70828.16871
70832.56062
70836.95253
70841.34444
70845.73635
70850.12826
70854.52017
70858.91208
70863.30398
70867.69589
70872.0878
70876.47971
70880.87162
70885.26353
70889.65544
70894.04735
70898.43926
70902.83117
70907.22307
70911.61498
70916.00689
70920.3988
70924.79071
70929.18262
70933.57453
70937.96644
70942.35835
70946.75025
70951.14216
70955.53407
70959.92598
70964.31789
70968.7098
70973.10171
70977.49362
70981.88553
70986.27744
70990.66934
70995.06125
70999.45316
71003.84507
71008.23698
71012.62889
71017.0208
71021.41271
71025.80462
71030.19652
71034.58843
71038.98034
71043.37225
71047.76416
71052.15607
71056.54798
71060.93989
71065.3318
71069.72371
71074.11561
71078.50752
71082.89943
71087.29134
71091.68325
71096.07516
71100.46707
71104.85898
71109.25089
71113.64279
71118.0347
71122.42661
71126.81852
71131.21043
71135.60234
71139.99425
71144.38616
71148.77807
71153.16998
71157.56188
71161.95379
71166.3457
71170.73761
71175.12952
71179.52143
71183.91334
71188.30525
71192.69716
71197.08906
71201.48097
71205.87288
71210.26479
71214.6567
71219.04861
71223.44052
71227.83243
71232.22434
71236.61625
71241.00815
71245.40006
71249.79197
71254.18388
71258.57579
71262.9677
71267.35961
71271.75152
71276.14343
71280.53533
71284.92724
71289.31915
71293.71106
71298.10297
71302.49488
71306.88679
71311.2787
71315.67061
71320.06252
71324.45442
71328.84633
71333.23824
71337.63015
71342.02206
71346.41397
71350.80588
71355.19779
71359.5897
71363.9816
71368.37351
71372.76542
71377.15733
71381.54924
71385.94115
71390.33306
71394.72497
71399.11688
71403.50879
71407.90069
71412.2926
71416.68451
71421.07642
71425.46833
71429.86024
71434.25215
71438.64406
71443.03597
71447.42787
71451.81978
71456.21169
71460.6036
71464.99551
71469.38742
71473.77933
71478.17124
71482.56315
71486.95506
71491.34696
71495.73887
71500.13078
71504.52269
71508.9146
71513.30651
71517.69842
71522.09033
71526.48224
71530.87414
71535.26605
71539.65796
71544.04987
71548.44178
71552.83369
71557.2256
71561.61751
71566.00942
71570.40133
71574.79323
71579.18514
71583.57705
71587.96896
71592.36087
71596.75278
71601.14469
71605.5366
71609.92851
71614.32041
71618.71232
71623.10423
71627.49614
71631.88805
71636.27996
71640.67187
71645.06378
71649.45569
71653.8476
71658.2395
71662.63141
71667.02332
71671.41523
71675.80714
71680.19905
71684.59096
71688.98287
71693.37478
71697.76668
71702.15859
71706.5505
71710.94241
71715.33432
71719.72623
71724.11814
71728.51005
71732.90196
71737.29387
71741.68577
71746.07768
71750.46959
71754.8615
71759.25341
71763.64532
71768.03723
71772.42914
71776.82105
71781.21295
71785.60486
71789.99677
71794.38868
71798.78059
71803.1725
71807.56441
71811.95632
71816.34823
71820.74014
71825.13204
71829.52395
71833.91586
71838.30777
71842.69968
71847.09159
71851.4835
71855.87541
71860.26732
71864.65922
71869.05113
71873.44304
71877.83495
71882.22686
71886.61877
71891.01068
71895.40259
71899.7945
71904.18641
71908.57831
71912.97022
71917.36213
71921.75404
71926.14595
71930.53786
71934.92977
71939.32168
71943.71359
71948.10549
71952.4974
71956.88931
71961.28122
71965.67313
71970.06504
71974.45695
71978.84886
71983.24077
71987.63268
71992.02458
71996.41649
72000.8084
72005.20031
72009.59222
72013.98413
72018.37604
72022.76795
72027.15986
72031.55176
72035.94367
72040.33558
72044.72749
72049.1194
72053.51131
72057.90322
72062.29513
72066.68704
72071.07895
72075.47085
72079.86276
72084.25467
72088.64658
72093.03849
72097.4304
72101.82231
72106.21422
72110.60613
72114.99803
72119.38994
72123.78185
72128.17376
72132.56567
72136.95758
72141.34949
72145.7414
72150.13331
72154.52522
72158.91712
72163.30903
72167.70094
72172.09285
72176.48476
72180.87667
72185.26858
72189.66049
72194.0524
72198.4443
72202.83621
72207.22812
72211.62003
72216.01194
72220.40385
72224.79576
72229.18767
72233.57958
72237.97149
72242.36339
72246.7553
72251.14721
72255.53912
72259.93103
72264.32294
72268.71485
72273.10676
72277.49867
72281.89058
72286.28248
72290.67439
72295.0663
72299.45821
72303.85012
72308.24203
72312.63394
72317.02585
72321.41776
72325.80966
72330.20157
72334.59348
72338.98539
72343.3773
72347.76921
72352.16112
72356.55303
72360.94494
72365.33685
72369.72875
72374.12066
72378.51257
72382.90448
72387.29639
72391.6883
72396.08021
72400.47212
72404.86403
72409.25593
72413.64784
72418.03975
72422.43166
72426.82357
72431.21548
72435.60739
72439.9993
72444.39121
72448.78312
72453.17502
72457.56693
72461.95884
72466.35075
72470.74266
72475.13457
72479.52648
72483.91839
72488.3103
72492.7022
72497.09411
72501.48602
72505.87793
72510.26984
72514.66175
72519.05366
72523.44557
72527.83748
72532.22939
72536.62129
72541.0132
72545.40511
72549.79702
72554.18893
72558.58084
72562.97275
72567.36466
72571.75657
72576.14847
72580.54038
72584.93229
72589.3242
72593.71611
72598.10802
72602.49993
72606.89184
72611.28375
72615.67566
72620.06756
72624.45947
72628.85138
72633.24329
72637.6352
72642.02711
72646.41902
72650.81093
72655.20284
72659.59474
72663.98665
72668.37856
72672.77047
72677.16238
72681.55429
72685.9462
72690.33811
72694.73002
72699.12193
72703.51383
72707.90574
72712.29765
72716.68956
72721.08147
72725.47338
72729.86529
72734.2572
72738.64911
72743.04101
72747.43292
72751.82483
72756.21674
72760.60865
72765.00056
72769.39247
72773.78438
72778.17629
72782.5682
72786.9601
72791.35201
72795.74392
72800.13583
72804.52774
72808.91965
72813.31156
72817.70347
72822.09538
72826.48728
72830.87919
72835.2711
72839.66301
72844.05492
72848.44683
72852.83874
72857.23065
72861.62256
72866.01447
72870.40637
72874.79828
72879.19019
72883.5821
72887.97401
72892.36592
72896.75783
72901.14974
72905.54165
72909.93355
72914.32546
72918.71737
72923.10928
72927.50119
72931.8931
72936.28501
72940.67692
72945.06883
72949.46074
72953.85264
72958.24455
72962.63646
72967.02837
72971.42028
72975.81219
72980.2041
72984.59601
72988.98792
72993.37982
72997.77173
73002.16364
73006.55555
73010.94746
73015.33937
73019.73128
73024.12319
73028.5151
73032.90701
73037.29891
73041.69082
73046.08273
73050.47464
73054.86655
73059.25846
73063.65037
73068.04228
73072.43419
73076.82609
73081.218
73085.60991
73090.00182
73094.39373
73098.78564
73103.17755
73107.56946
73111.96137
73116.35328
73120.74518
73125.13709
73129.529
73133.92091
73138.31282
73142.70473
73147.09664
73151.48855
73155.88046
73160.27236
73164.66427
73169.05618
73173.44809
73177.84
73182.23191
73186.62382
73191.01573
73195.40764
73199.79955
73204.19145
73208.58336
73212.97527
73217.36718
73221.75909
73226.151
73230.54291
73234.93482
73239.32673
73243.71863
73248.11054
73252.50245
73256.89436
73261.28627
73265.67818
73270.07009
73274.462
73278.85391
73283.24582
73287.63772
73292.02963
73296.42154
73300.81345
73305.20536
73309.59727
73313.98918
73318.38109
73322.773
73327.1649
73331.55681
73335.94872
73340.34063
73344.73254
73349.12445
73353.51636
73357.90827
73362.30018
73366.69209
73371.08399
73375.4759
73379.86781
73384.25972
73388.65163
73393.04354
73397.43545
73401.82736
73406.21927
73410.61117
73415.00308
73419.39499
73423.7869
73428.17881
73432.57072
73436.96263
73441.35454
73445.74645
73450.13836
73454.53026
73458.92217
73463.31408
73467.70599
73472.0979
73476.48981
73480.88172
73485.27363
73489.66554
73494.05744
73498.44935
73502.84126
73507.23317
73511.62508
73516.01699
73520.4089
73524.80081
73529.19272
73533.58463
73537.97653
73542.36844
73546.76035
73551.15226
73555.54417
73559.93608
73564.32799
73568.7199
73573.11181
73577.50371
73581.89562
73586.28753
73590.67944
73595.07135
73599.46326
73603.85517
73608.24708
73612.63899
73617.0309
73621.4228
73625.81471
73630.20662
73634.59853
73638.99044
73643.38235
73647.77426
73652.16617
73656.55808
73660.94998
73665.34189
73669.7338
73674.12571
73678.51762
73682.90953
73687.30144
73691.69335
73696.08526
73700.47717
73704.86907
73709.26098
73713.65289
73718.0448
73722.43671
73726.82862
73731.22053
73735.61244
73740.00435
73744.39626
73748.78816
73753.18007
73757.57198
73761.96389
73766.3558
73770.74771
73775.13962
73779.53153
73783.92344
73788.31534
73792.70725
73797.09916
73801.49107
73805.88298
73810.27489
73814.6668
73819.05871
73823.45062
73827.84253
73832.23443
73836.62634
73841.01825
73845.41016
73849.80207
73854.19398
73858.58589
73862.9778
73867.36971
73871.76161
73876.15352
73880.54543
73884.93734
73889.32925
73893.72116
73898.11307
73902.50498
73906.89689
73911.2888
73915.6807
73920.07261
73924.46452
73928.85643
73933.24834
73937.64025
73942.03216
73946.42407
73950.81598
73955.20788
73959.59979
73963.9917
73968.38361
73972.77552
73977.16743
73981.55934
73985.95125
73990.34316
73994.73507
73999.12697
74003.51888
74007.91079
74012.3027
74016.69461
74021.08652
74025.47843
74029.87034
74034.26225
74038.65415
74043.04606
74047.43797
74051.82988
74056.22179
74060.6137
74065.00561
74069.39752
74073.78943
74078.18134
74082.57324
74086.96515
74091.35706
74095.74897
74100.14088
74104.53279
74108.9247
74113.31661
74117.70852
74122.10042
74126.49233
74130.88424
74135.27615
74139.66806
74144.05997
74148.45188
74152.84379
74157.2357
74161.62761
74166.01951
74170.41142
74174.80333
74179.19524
74183.58715
74187.97906
74192.37097
74196.76288
74201.15479
74205.54669
74209.9386
74214.33051
74218.72242
74223.11433
74227.50624
74231.89815
74236.29006
74240.68197
74245.07388
74249.46578
74253.85769
74258.2496
74262.64151
74267.03342
74271.42533
74275.81724
74280.20915
74284.60106
74288.99296
74293.38487
74297.77678
74302.16869
74306.5606
74310.95251
74315.34442
74319.73633
74324.12824
74328.52015
74332.91205
74337.30396
74341.69587
74346.08778
74350.47969
74354.8716
74359.26351
74363.65542
74368.04733
74372.43923
74376.83114
74381.22305
74385.61496
74390.00687
74394.39878
74398.79069
74403.1826
74407.57451
74411.96642
74416.35832
74420.75023
74425.14214
74429.53405
74433.92596
74438.31787
74442.70978
74447.10169
74451.4936
74455.8855
74460.27741
74464.66932
74469.06123
74473.45314
74477.84505
74482.23696
74486.62887
74491.02078
74495.41269
74499.80459
74504.1965
74508.58841
74512.98032
74517.37223
74521.76414
74526.15605
74530.54796
74534.93987
74539.33177
74543.72368
74548.11559
74552.5075
74556.89941
74561.29132
74565.68323
74570.07514
74574.46705
74578.85896
74583.25086
74587.64277
74592.03468
74596.42659
74600.8185
74605.21041
74609.60232
74613.99423
74618.38614
74622.77804
74627.16995
74631.56186
74635.95377
74640.34568
74644.73759
74649.1295
74653.52141
74657.91332
74662.30523
74666.69713
74671.08904
74675.48095
74679.87286
74684.26477
74688.65668
74693.04859
74697.4405
74701.83241
74706.22431
74710.61622
74715.00813
74719.40004
74723.79195
74728.18386
74732.57577
74736.96768
74741.35959
74745.7515
74750.1434
74754.53531
74758.92722
74763.31913
74767.71104
74772.10295
74776.49486
74780.88677
74785.27868
74789.67058
74794.06249
74798.4544
74802.84631
74807.23822
74811.63013
74816.02204
74820.41395
74824.80586
74829.19777
74833.58967
74837.98158
74842.37349
74846.7654
74851.15731
74855.54922
74859.94113
74864.33304
74868.72495
74873.11685
74877.50876
74881.90067
74886.29258
74890.68449
74895.0764
74899.46831
74903.86022
74908.25213
74912.64404
74917.03594
74921.42785
74925.81976
74930.21167
74934.60358
74938.99549
74943.3874
74947.77931
74952.17122
74956.56312
74960.95503
74965.34694
74969.73885
74974.13076
74978.52267
74982.91458
74987.30649
74991.6984
74996.09031
75000.48221
75004.87412
75009.26603
75013.65794
75018.04985
75022.44176
75026.83367
75031.22558
75035.61749
75040.00939
75044.4013
75048.79321
75053.18512
75057.57703
75061.96894
75066.36085
75070.75276
75075.14467
75079.53658
75083.92848
75088.32039
75092.7123
75097.10421
75101.49612
75105.88803
75110.27994
75114.67185
75119.06376
75123.45567
75127.84757
75132.23948
75136.63139
75141.0233
75145.41521
75149.80712
75154.19903
75158.59094
75162.98285
75167.37475
75171.76666
75176.15857
75180.55048
75184.94239
75189.3343
75193.72621
75198.11812
75202.51003
75206.90194
75211.29384
75215.68575
75220.07766
75224.46957
75228.86148
75233.25339
75237.6453
75242.03721
75246.42912
75250.82102
75255.21293
75259.60484
75263.99675
75268.38866
75272.78057
75277.17248
75281.56439
75285.9563
75290.34821
75294.74011
75299.13202
75303.52393
75307.91584
75312.30775
75316.69966
75321.09157
75325.48348
75329.87539
75334.26729
75338.6592
75343.05111
75347.44302
75351.83493
75356.22684
75360.61875
75365.01066
75369.40257
75373.79448
75378.18638
75382.57829
75386.9702
75391.36211
75395.75402
75400.14593
75404.53784
75408.92975
75413.32166
75417.71356
75422.10547
75426.49738
75430.88929
75435.2812
75439.67311
75444.06502
75448.45693
75452.84884
75457.24075
75461.63265
75466.02456
75470.41647
75474.80838
75479.20029
75483.5922
75487.98411
75492.37602
75496.76793
75501.15983
75505.55174
75509.94365
75514.33556
75518.72747
75523.11938
75527.51129
75531.9032
75536.29511
75540.68702
75545.07892
75549.47083
75553.86274
75558.25465
75562.64656
75567.03847
75571.43038
75575.82229
75580.2142
75584.6061
75588.99801
75593.38992
75597.78183
75602.17374
75606.56565
75610.95756
75615.34947
75619.74138
75624.13329
75628.52519
75632.9171
75637.30901
75641.70092
75646.09283
75650.48474
75654.87665
75659.26856
75663.66047
75668.05237
75672.44428
75676.83619
75681.2281
75685.62001
75690.01192
75694.40383
75698.79574
75703.18765
75707.57956
75711.97146
75716.36337
75720.75528
75725.14719
75729.5391
75733.93101
75738.32292
75742.71483
75747.10674
75751.49864
75755.89055
75760.28246
75764.67437
75769.06628
75773.45819
75777.8501
75782.24201
75786.63392
75791.02583
75795.41773
75799.80964
75804.20155
75808.59346
75812.98537
75817.37728
75821.76919
75826.1611
75830.55301
75834.94491
75839.33682
75843.72873
75848.12064
75852.51255
75856.90446
75861.29637
75865.68828
75870.08019
75874.4721
75878.864
75883.25591
75887.64782
75892.03973
75896.43164
75900.82355
75905.21546
75909.60737
75913.99928
75918.39118
75922.78309
75927.175
75931.56691
75935.95882
75940.35073
75944.74264
75949.13455
75953.52646
75957.91837
75962.31027
75966.70218
75971.09409
75975.486
75979.87791
75984.26982
75988.66173
75993.05364
75997.44555
76001.83745
76006.22936
76010.62127
76015.01318
76019.40509
76023.797
76028.18891
76032.58082
76036.97273
76041.36464
76045.75654
76050.14845
76054.54036
76058.93227
76063.32418
76067.71609
76072.108
76076.49991
76080.89182
76085.28372
76089.67563
76094.06754
76098.45945
76102.85136
76107.24327
76111.63518
76116.02709
76120.419
76124.81091
76129.20281
76133.59472
76137.98663
76142.37854
76146.77045
76151.16236
76155.55427
76159.94618
76164.33809
76168.72999
76173.1219
76177.51381
76181.90572
76186.29763
76190.68954
76195.08145
76199.47336
76203.86527
76208.25718
76212.64908
76217.04099
76221.4329
76225.82481
76230.21672
76234.60863
76239.00054
76243.39245
76247.78436
76252.17626
76256.56817
76260.96008
76265.35199
76269.7439
76274.13581
76278.52772
76282.91963
76287.31154
76291.70345
76296.09535
76300.48726
76304.87917
76309.27108
76313.66299
76318.0549
76322.44681
76326.83872
76331.23063
76335.62253
76340.01444
76344.40635
76348.79826
76353.19017
76357.58208
76361.97399
76366.3659
76370.75781
76375.14972
76379.54162
76383.93353
76388.32544
76392.71735
76397.10926
76401.50117
76405.89308
76410.28499
76414.6769
76419.0688
76423.46071
76427.85262
76432.24453
76436.63644
76441.02835
76445.42026
76449.81217
76454.20408
76458.59599
76462.98789
76467.3798
76471.77171
76476.16362
76480.55553
76484.94744
76489.33935
76493.73126
76498.12317
76502.51508
76506.90698
76511.29889
76515.6908
76520.08271
76524.47462
76528.86653
76533.25844
76537.65035
76542.04226
76546.43416
76550.82607
76555.21798
76559.60989
76564.0018
76568.39371
76572.78562
76577.17753
76581.56944
76585.96135
76590.35325
76594.74516
76599.13707
76603.52898
76607.92089
76612.3128
76616.70471
76621.09662
76625.48853
76629.88043
76634.27234
76638.66425
76643.05616
76647.44807
76651.83998
76656.23189
76660.6238
76665.01571
76669.40762
76673.79952
76678.19143
76682.58334
76686.97525
76691.36716
76695.75907
76700.15098
76704.54289
76708.9348
76713.3267
76717.71861
76722.11052
76726.50243
76730.89434
76735.28625
76739.67816
76744.07007
76748.46198
76752.85389
76757.24579
76761.6377
76766.02961
76770.42152
76774.81343
76779.20534
76783.59725
76787.98916
76792.38107
76796.77297
76801.16488
76805.55679
76809.9487
76814.34061
76818.73252
76823.12443
76827.51634
76831.90825
76836.30016
76840.69206
76845.08397
76849.47588
76853.86779
76858.2597
76862.65161
76867.04352
76871.43543
76875.82734
76880.21924
76884.61115
76889.00306
76893.39497
76897.78688
76902.17879
76906.5707
76910.96261
76915.35452
76919.74643
76924.13833
76928.53024
76932.92215
76937.31406
76941.70597
76946.09788
76950.48979
76954.8817
76959.27361
76963.66551
76968.05742
76972.44933
76976.84124
76981.23315
76985.62506
76990.01697
76994.40888
76998.80079
77003.1927
77007.5846
77011.97651
77016.36842
77020.76033
77025.15224
77029.54415
77033.93606
77038.32797
77042.71988
77047.11178
77051.50369
77055.8956
77060.28751
77064.67942
77069.07133
77073.46324
77077.85515
77082.24706
77086.63897
77091.03087
77095.42278
77099.81469
77104.2066
77108.59851
77112.99042
77117.38233
77121.77424
77126.16615
77130.55805
77134.94996
77139.34187
77143.73378
77148.12569
77152.5176
77156.90951
77161.30142
77165.69333
77170.08524
77174.47714
77178.86905
77183.26096
77187.65287
77192.04478
77196.43669
77200.8286
77205.22051
77209.61242
77214.00432
77218.39623
77222.78814
77227.18005
77231.57196
77235.96387
77240.35578
77244.74769
77249.1396
77253.53151
77257.92341
77262.31532
77266.70723
77271.09914
77275.49105
77279.88296
77284.27487
77288.66678
77293.05869
77297.45059
77301.8425
77306.23441
77310.62632
77315.01823
77319.41014
77323.80205
77328.19396
77332.58587
77336.97778
77341.36968
77345.76159
77350.1535
77354.54541
77358.93732
77363.32923
77367.72114
77372.11305
77376.50496
77380.89686
77385.28877
77389.68068
77394.07259
77398.4645
77402.85641
77407.24832
77411.64023
77416.03214
77420.42405
77424.81595
77429.20786
77433.59977
77437.99168
77442.38359
77446.7755
77451.16741
77455.55932
77459.95123
77464.34313
77468.73504
77473.12695
77477.51886
77481.91077
77486.30268
77490.69459
77495.0865
77499.47841
77503.87032
77508.26222
77512.65413
77517.04604
77521.43795
77525.82986
77530.22177
77534.61368
77539.00559
77543.3975
77547.7894
77552.18131
77556.57322
77560.96513
77565.35704
77569.74895
77574.14086
77578.53277
77582.92468
77587.31659
77591.70849
77596.1004
77600.49231
77604.88422
77609.27613
77613.66804
77618.05995
77622.45186
77626.84377
77631.23567
77635.62758
77640.01949
77644.4114
77648.80331
77653.19522
77657.58713
77661.97904
77666.37095
77670.76286
77675.15476
77679.54667
77683.93858
77688.33049
77692.7224
77697.11431
77701.50622
77705.89813
77710.29004
77714.68194
77719.07385
77723.46576
77727.85767
77732.24958
77736.64149
77741.0334
77745.42531
77749.81722
77754.20913
77758.60103
77762.99294
77767.38485
77771.77676
77776.16867
77780.56058
77784.95249
77789.3444
77793.73631
77798.12821
77802.52012
77806.91203
77811.30394
77815.69585
77820.08776
77824.47967
77828.87158
77833.26349
77837.6554
77842.0473
77846.43921
77850.83112
77855.22303
77859.61494
77864.00685
77868.39876
77872.79067
77877.18258
77881.57449
77885.96639
77890.3583
77894.75021
77899.14212
77903.53403
77907.92594
77912.31785
77916.70976
77921.10167
77925.49357
77929.88548
77934.27739
77938.6693
77943.06121
77947.45312
77951.84503
77956.23694
77960.62885
77965.02076
77969.41266
77973.80457
77978.19648
77982.58839
77986.9803
77991.37221
77995.76412
78000.15603
78004.54794
78008.93984
78013.33175
78017.72366
78022.11557
78026.50748
78030.89939
78035.2913
78039.68321
78044.07512
78048.46703
78052.85893
78057.25084
78061.64275
78066.03466
78070.42657
78074.81848
78079.21039
78083.6023
78087.99421
78092.38611
78096.77802
78101.16993
78105.56184
78109.95375
78114.34566
78118.73757
78123.12948
78127.52139
78131.9133
78136.3052
78140.69711
78145.08902
78149.48093
78153.87284
78158.26475
78162.65666
78167.04857
78171.44048
78175.83238
78180.22429
78184.6162
78189.00811
78193.40002
78197.79193
78202.18384
78206.57575
78210.96766
78215.35957
78219.75147
78224.14338
78228.53529
78232.9272
78237.31911
78241.71102
78246.10293
78250.49484
78254.88675
78259.27865
78263.67056
78268.06247
78272.45438
78276.84629
78281.2382
78285.63011
78290.02202
78294.41393
78298.80584
78303.19774
78307.58965
78311.98156
78316.37347
78320.76538
78325.15729
78329.5492
78333.94111
78338.33302
78342.72492
78347.11683
78351.50874
78355.90065
78360.29256
78364.68447
78369.07638
78373.46829
78377.8602
78382.25211
78386.64401
78391.03592
78395.42783
78399.81974
78404.21165
78408.60356
78412.99547
78417.38738
78421.77929
78426.17119
78430.5631
78434.95501
78439.34692
78443.73883
78448.13074
78452.52265
78456.91456
78461.30647
78465.69838
78470.09028
78474.48219
78478.8741
78483.26601
78487.65792
78492.04983
78496.44174
78500.83365
78505.22556
78509.61746
78514.00937
78518.40128
78522.79319
78527.1851
78531.57701
78535.96892
78540.36083
78544.75274
78549.14465
78553.53655
78557.92846
78562.32037
78566.71228
78571.10419
78575.4961
78579.88801
78584.27992
78588.67183
78593.06373
78597.45564
78601.84755
78606.23946
78610.63137
78615.02328
78619.41519
78623.8071
78628.19901
78632.59092
78636.98282
78641.37473
78645.76664
78650.15855
78654.55046
78658.94237
78663.33428
78667.72619
78672.1181
78676.51
78680.90191
78685.29382
78689.68573
78694.07764
78698.46955
78702.86146
78707.25337
78711.64528
78716.03719
78720.42909
78724.821
78729.21291
78733.60482
78737.99673
78742.38864
78746.78055
78751.17246
78755.56437
78759.95627
78764.34818
78768.74009
78773.132
78777.52391
78781.91582
78786.30773
78790.69964
78795.09155
78799.48346
78803.87536
78808.26727
78812.65918
78817.05109
78821.443
78825.83491
78830.22682
78834.61873
78839.01064
78843.40254
78847.79445
78852.18636
78856.57827
78860.97018
78865.36209
78869.754
78874.14591
78878.53782
78882.92973
78887.32163
78891.71354
78896.10545
78900.49736
78904.88927
78909.28118
78913.67309
78918.065
78922.45691
78926.84881
78931.24072
78935.63263
78940.02454
78944.41645
78948.80836
78953.20027
78957.59218
78961.98409
78966.376
78970.7679
78975.15981
78979.55172
78983.94363
78988.33554
78992.72745
78997.11936
79001.51127
79005.90318
79010.29508
79014.68699
79019.0789
79023.47081
79027.86272
79032.25463
79036.64654
79041.03845
79045.43036
79049.82227
79054.21417
79058.60608
79062.99799
79067.3899
79071.78181
79076.17372
79080.56563
79084.95754
79089.34945
79093.74135
79098.13326
79102.52517
79106.91708
79111.30899
79115.7009
79120.09281
79124.48472
79128.87663
79133.26854
79137.66044
79142.05235
79146.44426
79150.83617
79155.22808
79159.61999
79164.0119
79168.40381
79172.79572
79177.18762
79181.57953
79185.97144
79190.36335
79194.75526
79199.14717
79203.53908
79207.93099
79212.3229
79216.71481
79221.10671
79225.49862
79229.89053
79234.28244
79238.67435
79243.06626
79247.45817
79251.85008
79256.24199
79260.6339
79265.0258
79269.41771
79273.80962
79278.20153
79282.59344
79286.98535
79291.37726
79295.76917
79300.16108
79304.55298
79308.94489
79313.3368
79317.72871
79322.12062
79326.51253
79330.90444
79335.29635
79339.68826
79344.08017
79348.47207
79352.86398
79357.25589
79361.6478
79366.03971
79370.43162
79374.82353
79379.21544
79383.60735
79387.99925
79392.39116
79396.78307
79401.17498
79405.56689
79409.9588
79414.35071
79418.74262
79423.13453
79427.52644
79431.91834
79436.31025
79440.70216
79445.09407
79449.48598
79453.87789
79458.2698
79462.66171
79467.05362
79471.44552
79475.83743
79480.22934
79484.62125
79489.01316
79493.40507
79497.79698
79502.18889
79506.5808
79510.97271
79515.36461
79519.75652
79524.14843
79528.54034
79532.93225
79537.32416
79541.71607
79546.10798
79550.49989
79554.89179
79559.2837
79563.67561
79568.06752
79572.45943
79576.85134
79581.24325
79585.63516
79590.02707
79594.41898
79598.81088
79603.20279
79607.5947
79611.98661
79616.37852
79620.77043
79625.16234
79629.55425
79633.94616
79638.33806
79642.72997
79647.12188
79651.51379
79655.9057
79660.29761
79664.68952
79669.08143
79673.47334
79677.86525
79682.25715
79686.64906
79691.04097
79695.43288
79699.82479
79704.2167
79708.60861
79713.00052
79717.39243
79721.78433
79726.17624
79730.56815
79734.96006
79739.35197
79743.74388
79748.13579
79752.5277
79756.91961
79761.31152
79765.70342
79770.09533
79774.48724
79778.87915
79783.27106
79787.66297
79792.05488
79796.44679
79800.8387
79805.2306
79809.62251
79814.01442
79818.40633
79822.79824
79827.19015
79831.58206
79835.97397
79840.36588
79844.75779
79849.14969
79853.5416
79857.93351
79862.32542
79866.71733
79871.10924
79875.50115
79879.89306
79884.28497
79888.67687
79893.06878
79897.46069
79901.8526
79906.24451
79910.63642
79915.02833
79919.42024
79923.81215
79928.20406
79932.59596
79936.98787
79941.37978
79945.77169
79950.1636
79954.55551
79958.94742
79963.33933
79967.73124
79972.12314
79976.51505
79980.90696
79985.29887
79989.69078
79994.08269
79998.4746
80002.86651
80007.25842
80011.65033
80016.04223
80020.43414
80024.82605
80029.21796
80033.60987
80038.00178
80042.39369
80046.7856
80051.17751
80055.56941
80059.96132
80064.35323
80068.74514
80073.13705
80077.52896
80081.92087
80086.31278
80090.70469
80095.0966
80099.4885
80103.88041
80108.27232
80112.66423
80117.05614
80121.44805
80125.83996
80130.23187
80134.62378
80139.01568
80143.40759
80147.7995
80152.19141
80156.58332
80160.97523
80165.36714
80169.75905
80174.15096
80178.54287
80182.93477
80187.32668
80191.71859
80196.1105
80200.50241
80204.89432
80209.28623
80213.67814
80218.07005
80222.46195
80226.85386
80231.24577
80235.63768
80240.02959
80244.4215
80248.81341
80253.20532
80257.59723
80261.98914
80266.38104
80270.77295
80275.16486
80279.55677
80283.94868
80288.34059
80292.7325
80297.12441
80301.51632
80305.90822
80310.30013
80314.69204
80319.08395
80323.47586
80327.86777
80332.25968
80336.65159
80341.0435
80345.43541
80349.82731
80354.21922
80358.61113
80363.00304
80367.39495
80371.78686
80376.17877
80380.57068
80384.96259
80389.35449
80393.7464
80398.13831
80402.53022
80406.92213
80411.31404
80415.70595
80420.09786
80424.48977
80428.88168
80433.27358
80437.66549
80442.0574
80446.44931
80450.84122
80455.23313
80459.62504
80464.01695
80468.40886
80472.80076
80477.19267
80481.58458
80485.97649
80490.3684
80494.76031
80499.15222
80503.54413
80507.93604
80512.32795
80516.71985
80521.11176
80525.50367
80529.89558
80534.28749
80538.6794
80543.07131
80547.46322
80551.85513
80556.24703
80560.63894
80565.03085
80569.42276
80573.81467
80578.20658
80582.59849
80586.9904
80591.38231
80595.77422
80600.16612
80604.55803
80608.94994
80613.34185
80617.73376
80622.12567
80626.51758
80630.90949
80635.3014
80639.69331
80644.08521
80648.47712
80652.86903
80657.26094
80661.65285
80666.04476
80670.43667
80674.82858
80679.22049
80683.61239
80688.0043
80692.39621
80696.78812
80701.18003
80705.57194
80709.96385
80714.35576
80718.74767
80723.13958
80727.53148
80731.92339
80736.3153
80740.70721
80745.09912
80749.49103
80753.88294
80758.27485
80762.66676
80767.05866
80771.45057
80775.84248
80780.23439
80784.6263
80789.01821
80793.41012
80797.80203
80802.19394
80806.58585
80810.97775
80815.36966
80819.76157
80824.15348
80828.54539
80832.9373
80837.32921
80841.72112
80846.11303
80850.50493
80854.89684
80859.28875
80863.68066
80868.07257
80872.46448
80876.85639
80881.2483
80885.64021
80890.03212
80894.42402
80898.81593
80903.20784
80907.59975
80911.99166
80916.38357
80920.77548
80925.16739
80929.5593
80933.9512
80938.34311
80942.73502
80947.12693
80951.51884
80955.91075
80960.30266
80964.69457
80969.08648
80973.47839
80977.87029
80982.2622
80986.65411
80991.04602
80995.43793
80999.82984
81004.22175
81008.61366
81013.00557
81017.39747
81021.78938
81026.18129
81030.5732
81034.96511
81039.35702
81043.74893
81048.14084
81052.53275
81056.92466
81061.31656
81065.70847
81070.10038
81074.49229
81078.8842
81083.27611
81087.66802
81092.05993
81096.45184
81100.84374
81105.23565
81109.62756
81114.01947
81118.41138
81122.80329
81127.1952
81131.58711
81135.97902
81140.37093
81144.76283
81149.15474
81153.54665
81157.93856
81162.33047
81166.72238
81171.11429
81175.5062
81179.89811
81184.29001
81188.68192
81193.07383
81197.46574
81201.85765
81206.24956
81210.64147
81215.03338
81219.42529
81223.8172
81228.2091
81232.60101
81236.99292
81241.38483
81245.77674
81250.16865
81254.56056
81258.95247
81263.34438
81267.73628
81272.12819
81276.5201
81280.91201
81285.30392
81289.69583
81294.08774
81298.47965
81302.87156
81307.26347
81311.65537
81316.04728
81320.43919
81324.8311
81329.22301
81333.61492
81338.00683
81342.39874
81346.79065
81351.18255
81355.57446
81359.96637
81364.35828
81368.75019
81373.1421
81377.53401
81381.92592
81386.31783
81390.70974
81395.10164
81399.49355
81403.88546
81408.27737
81412.66928
81417.06119
81421.4531
81425.84501
81430.23692
81434.62882
81439.02073
81443.41264
81447.80455
81452.19646
81456.58837
81460.98028
81465.37219
81469.7641
81474.15601
81478.54791
81482.93982
81487.33173
81491.72364
81496.11555
81500.50746
81504.89937
81509.29128
81513.68319
81518.07509
81522.467
81526.85891
81531.25082
81535.64273
81540.03464
81544.42655
81548.81846
81553.21037
81557.60228
81561.99418
81566.38609
81570.778
81575.16991
81579.56182
81583.95373
81588.34564
81592.73755
81597.12946
81601.52136
81605.91327
81610.30518
81614.69709
81619.089
81623.48091
81627.87282
81632.26473
81636.65664
81641.04855
81645.44045
81649.83236
81654.22427
81658.61618
81663.00809
81667.4
81671.79191
81676.18382
81680.57573
81684.96763
81689.35954
81693.75145
81698.14336
81702.53527
81706.92718
81711.31909
81715.711
81720.10291
81724.49482
81728.88672
81733.27863
81737.67054
81742.06245
81746.45436
81750.84627
81755.23818
81759.63009
81764.022
81768.4139
81772.80581
81777.19772
81781.58963
81785.98154
81790.37345
81794.76536
81799.15727
81803.54918
81807.94109
81812.33299
81816.7249
81821.11681
81825.50872
81829.90063
81834.29254
81838.68445
81843.07636
81847.46827
81851.86017
81856.25208
81860.64399
81865.0359
81869.42781
81873.81972
81878.21163
81882.60354
81886.99545
81891.38736
81895.77926
81900.17117
81904.56308
81908.95499
81913.3469
81917.73881
81922.13072
81926.52263
81930.91454
81935.30644
81939.69835
81944.09026
81948.48217
81952.87408
81957.26599
81961.6579
81966.04981
81970.44172
81974.83363
81979.22553
81983.61744
81988.00935
81992.40126
81996.79317
82001.18508
82005.57699
82009.9689
82014.36081
82018.75272
82023.14462
82027.53653
82031.92844
82036.32035
82040.71226
82045.10417
82049.49608
82053.88799
82058.2799
82062.6718
82067.06371
82071.45562
82075.84753
82080.23944
82084.63135
82089.02326
82093.41517
82097.80708
82102.19899
82106.59089
82110.9828
82115.37471
82119.76662
82124.15853
82128.55044
82132.94235
82137.33426
82141.72617
82146.11807
82150.50998
82154.90189
82159.2938
82163.68571
82168.07762
82172.46953
82176.86144
82181.25335
82185.64526
82190.03716
82194.42907
82198.82098
82203.21289
82207.6048
82211.99671
82216.38862
82220.78053
82225.17244
82229.56434
82233.95625
82238.34816
82242.74007
82247.13198
82251.52389
82255.9158
82260.30771
82264.69962
82269.09153
82273.48343
82277.87534
82282.26725
82286.65916
82291.05107
82295.44298
82299.83489
82304.2268
82308.61871
82313.01061
82317.40252
82321.79443
82326.18634
82330.57825
82334.97016
82339.36207
82343.75398
82348.14589
82352.5378
82356.9297
82361.32161
82365.71352
82370.10543
82374.49734
82378.88925
82383.28116
82387.67307
82392.06498
82396.45688
82400.84879
82405.2407
82409.63261
82414.02452
82418.41643
82422.80834
82427.20025
82431.59216
82435.98407
82440.37597
82444.76788
82449.15979
82453.5517
82457.94361
82462.33552
82466.72743
82471.11934
82475.51125
82479.90315
82484.29506
82488.68697
82493.07888
82497.47079
82501.8627
82506.25461
82510.64652
82515.03843
82519.43034
82523.82224
82528.21415
82532.60606
82536.99797
82541.38988
82545.78179
82550.1737
82554.56561
82558.95752
82563.34942
82567.74133
82572.13324
82576.52515
82580.91706
82585.30897
82589.70088
82594.09279
82598.4847
82602.87661
82607.26851
82611.66042
82616.05233
82620.44424
82624.83615
82629.22806
82633.61997
82638.01188
82642.40379
82646.79569
82651.1876
82655.57951
82659.97142
82664.36333
82668.75524
82673.14715
82677.53906
82681.93097
82686.32288
82690.71478
82695.10669
82699.4986
82703.89051
82708.28242
82712.67433
82717.06624
82721.45815
82725.85006
82730.24196
82734.63387
82739.02578
82743.41769
82747.8096
82752.20151
82756.59342
82760.98533
82765.37724
82769.76915
82774.16105
82778.55296
82782.94487
82787.33678
82791.72869
82796.1206
82800.51251
82804.90442
82809.29633
82813.68823
82818.08014
82822.47205
82826.86396
82831.25587
82835.64778
82840.03969
82844.4316
82848.82351
82853.21542
82857.60732
82861.99923
82866.39114
82870.78305
82875.17496
82879.56687
82883.95878
82888.35069
82892.7426
82897.1345
82901.52641
82905.91832
82910.31023
82914.70214
82919.09405
82923.48596
82927.87787
82932.26978
82936.66169
82941.05359
82945.4455
82949.83741
82954.22932
82958.62123
82963.01314
82967.40505
82971.79696
82976.18887
82980.58077
82984.97268
82989.36459
82993.7565
82998.14841
83002.54032
83006.93223
83011.32414
83015.71605
83020.10796
83024.49986
83028.89177
83033.28368
83037.67559
83042.0675
83046.45941
83050.85132
83055.24323
83059.63514
83064.02704
83068.41895
83072.81086
83077.20277
83081.59468
83085.98659
83090.3785
83094.77041
83099.16232
83103.55423
83107.94613
83112.33804
83116.72995
83121.12186
83125.51377
83129.90568
83134.29759
83138.6895
83143.08141
83147.47331
83151.86522
83156.25713
83160.64904
83165.04095
83169.43286
83173.82477
83178.21668
83182.60859
83187.0005
83191.3924
83195.78431
83200.17622
83204.56813
83208.96004
83213.35195
83217.74386
83222.13577
83226.52768
83230.91958
83235.31149
83239.7034
83244.09531
83248.48722
83252.87913
83257.27104
83261.66295
83266.05486
83270.44677
83274.83867
83279.23058
83283.62249
83288.0144
83292.40631
83296.79822
83301.19013
83305.58204
83309.97395
83314.36585
83318.75776
83323.14967
83327.54158
83331.93349
83336.3254
83340.71731
83345.10922
83349.50113
83353.89304
83358.28494
83362.67685
83367.06876
83371.46067
83375.85258
83380.24449
83384.6364
83389.02831
83393.42022
83397.81213
83402.20403
83406.59594
83410.98785
83415.37976
83419.77167
83424.16358
83428.55549
83432.9474
83437.33931
83441.73121
83446.12312
83450.51503
83454.90694
83459.29885
83463.69076
83468.08267
83472.47458
83476.86649
83481.2584
83485.6503
83490.04221
83494.43412
83498.82603
83503.21794
83507.60985
83512.00176
83516.39367
83520.78558
83525.17748
83529.56939
83533.9613
83538.35321
83542.74512
83547.13703
83551.52894
83555.92085
83560.31276
83564.70467
83569.09657
83573.48848
83577.88039
83582.2723
83586.66421
83591.05612
83595.44803
83599.83994
83604.23185
83608.62375
83613.01566
83617.40757
83621.79948
83626.19139
83630.5833
83634.97521
83639.36712
83643.75903
83648.15094
83652.54284
83656.93475
83661.32666
83665.71857
83670.11048
83674.50239
83678.8943
83683.28621
83687.67812
83692.07002
83696.46193
83700.85384
83705.24575
83709.63766
83714.02957
83718.42148
83722.81339
83727.2053
83731.59721
83735.98911
83740.38102
83744.77293
83749.16484
83753.55675
83757.94866
83762.34057
83766.73248
83771.12439
83775.51629
83779.9082
83784.30011
83788.69202
83793.08393
83797.47584
83801.86775
83806.25966
83810.65157
83815.04348
83819.43538
83823.82729
83828.2192
83832.61111
83837.00302
83841.39493
83845.78684
83850.17875
83854.57066
83858.96256
83863.35447
83867.74638
83872.13829
83876.5302
83880.92211
83885.31402
83889.70593
83894.09784
83898.48975
83902.88165
83907.27356
83911.66547
83916.05738
83920.44929
83924.8412
83929.23311
83933.62502
83938.01693
83942.40883
83946.80074
83951.19265
83955.58456
83959.97647
83964.36838
83968.76029
83973.1522
83977.54411
83981.93602
83986.32792
83990.71983
83995.11174
83999.50365
84003.89556
84008.28747
84012.67938
84017.07129
84021.4632
84025.8551
84030.24701
84034.63892
84039.03083
84043.42274
84047.81465
84052.20656
84056.59847
84060.99038
84065.38229
84069.77419
84074.1661
84078.55801
84082.94992
84087.34183
84091.73374
84096.12565
84100.51756
84104.90947
84109.30137
84113.69328
84118.08519
84122.4771
84126.86901
84131.26092
84135.65283
84140.04474
84144.43665
84148.82856
84153.22046
84157.61237
84162.00428
84166.39619
84170.7881
84175.18001
84179.57192
84183.96383
84188.35574
84192.74764
84197.13955
84201.53146
84205.92337
84210.31528
84214.70719
84219.0991
84223.49101
84227.88292
84232.27483
84236.66673
84241.05864
84245.45055
84249.84246
84254.23437
84258.62628
84263.01819
84267.4101
84271.80201
84276.19391
84280.58582
84284.97773
84289.36964
84293.76155
84298.15346
84302.54537
84306.93728
84311.32919
84315.7211
84320.113
84324.50491
84328.89682
84333.28873
84337.68064
84342.07255
84346.46446
84350.85637
84355.24828
84359.64018
84364.03209
84368.424
84372.81591
84377.20782
84381.59973
84385.99164
84390.38355
84394.77546
84399.16737
84403.55927
84407.95118
84412.34309
84416.735
84421.12691
84425.51882
84429.91073
84434.30264
84438.69455
84443.08645
84447.47836
84451.87027
84456.26218
84460.65409
84465.046
84469.43791
84473.82982
84478.22173
84482.61364
84487.00554
84491.39745
84495.78936
84500.18127
84504.57318
84508.96509
84513.357
84517.74891
84522.14082
84526.53272
84530.92463
84535.31654
84539.70845
84544.10036
84548.49227
84552.88418
84557.27609
84561.668
84566.05991
84570.45181
84574.84372
84579.23563
84583.62754
84588.01945
84592.41136
84596.80327
84601.19518
84605.58709
84609.97899
84614.3709
84618.76281
84623.15472
84627.54663
84631.93854
84636.33045
84640.72236
84645.11427
84649.50618
84653.89808
84658.28999
84662.6819
84667.07381
84671.46572
84675.85763
84680.24954
84684.64145
84689.03336
84693.42526
84697.81717
84702.20908
84706.60099
84710.9929
84715.38481
84719.77672
84724.16863
84728.56054
84732.95245
84737.34435
84741.73626
84746.12817
84750.52008
84754.91199
84759.3039
84763.69581
84768.08772
84772.47963
84776.87154
84781.26344
84785.65535
84790.04726
84794.43917
84798.83108
84803.22299
84807.6149
84812.00681
84816.39872
84820.79062
84825.18253
84829.57444
84833.96635
84838.35826
84842.75017
84847.14208
84851.53399
84855.9259
84860.31781
84864.70971
84869.10162
84873.49353
84877.88544
84882.27735
84886.66926
84891.06117
84895.45308
84899.84499
84904.23689
84908.6288
84913.02071
84917.41262
84921.80453
84926.19644
84930.58835
84934.98026
84939.37217
84943.76408
84948.15598
84952.54789
84956.9398
84961.33171
84965.72362
84970.11553
84974.50744
84978.89935
84983.29126
84987.68316
84992.07507
84996.46698
85000.85889
85005.2508
85009.64271
85014.03462
85018.42653
85022.81844
85027.21035
85031.60225
85035.99416
85040.38607
85044.77798
85049.16989
85053.5618
85057.95371
85062.34562
85066.73753
85071.12943
85075.52134
85079.91325
85084.30516
85088.69707
85093.08898
85097.48089
85101.8728
85106.26471
85110.65662
85115.04852
85119.44043
85123.83234
85128.22425
85132.61616
85137.00807
85141.39998
85145.79189
85150.1838
85154.5757
85158.96761
85163.35952
85167.75143
85172.14334
85176.53525
85180.92716
85185.31907
85189.71098
85194.10289
85198.49479
85202.8867
85207.27861
85211.67052
85216.06243
85220.45434
85224.84625
85229.23816
85233.63007
85238.02197
85242.41388
85246.80579
85251.1977
85255.58961
85259.98152
85264.37343
85268.76534
85273.15725
85277.54916
85281.94106
85286.33297
85290.72488
85295.11679
85299.5087
85303.90061
85308.29252
85312.68443
85317.07634
85321.46824
85325.86015
85330.25206
85334.64397
85339.03588
85343.42779
85347.8197
85352.21161
85356.60352
85360.99543
85365.38733
85369.77924
85374.17115
85378.56306
85382.95497
85387.34688
85391.73879
85396.1307
85400.52261
85404.91451
85409.30642
85413.69833
85418.09024
85422.48215
85426.87406
85431.26597
85435.65788
85440.04979
85444.4417
85448.8336
85453.22551
85457.61742
85462.00933
85466.40124
85470.79315
85475.18506
85479.57697
85483.96888
85488.36078
85492.75269
85497.1446
85501.53651
85505.92842
85510.32033
85514.71224
85519.10415
85523.49606
85527.88797
85532.27987
85536.67178
85541.06369
85545.4556
85549.84751
85554.23942
85558.63133
85563.02324
85567.41515
85571.80705
85576.19896
85580.59087
85584.98278
85589.37469
85593.7666
85598.15851
85602.55042
85606.94233
85611.33424
85615.72614
85620.11805
85624.50996
85628.90187
85633.29378
85637.68569
85642.0776
85646.46951
85650.86142
85655.25332
85659.64523
85664.03714
85668.42905
85672.82096
85677.21287
85681.60478
85685.99669
85690.3886
85694.78051
85699.17241
85703.56432
85707.95623
85712.34814
85716.74005
85721.13196
85725.52387
85729.91578
85734.30769
85738.69959
85743.0915
85747.48341
85751.87532
85756.26723
85760.65914
85765.05105
85769.44296
85773.83487
85778.22678
85782.61868
85787.01059
85791.4025
85795.79441
85800.18632
85804.57823
85808.97014
85813.36205
85817.75396
85822.14586
85826.53777
85830.92968
85835.32159
85839.7135
85844.10541
85848.49732
85852.88923
85857.28114
85861.67305
85866.06495
85870.45686
85874.84877
85879.24068
85883.63259
85888.0245
85892.41641
85896.80832
85901.20023
85905.59213
85909.98404
85914.37595
85918.76786
85923.15977
85927.55168
85931.94359
85936.3355
85940.72741
85945.11932
85949.51122
85953.90313
85958.29504
85962.68695
85967.07886
85971.47077
85975.86268
85980.25459
85984.6465
85989.0384
85993.43031
85997.82222
86002.21413
86006.60604
86010.99795
86015.38986
86019.78177
86024.17368
86028.56559
86032.95749
86037.3494
86041.74131
86046.13322
86050.52513
86054.91704
86059.30895
86063.70086
86068.09277
86072.48467
86076.87658
86081.26849
86085.6604
86090.05231
86094.44422
86098.83613
86103.22804
86107.61995
86112.01186
86116.40376
86120.79567
86125.18758
86129.57949
86133.9714
86138.36331
86142.75522
86147.14713
86151.53904
86155.93094
86160.32285
86164.71476
86169.10667
86173.49858
86177.89049
86182.2824
86186.67431
86191.06622
86195.45813
86199.85003
86204.24194
86208.63385
86213.02576
86217.41767
86221.80958
86226.20149
86230.5934
86234.98531
86239.37722
86243.76912
86248.16103
86252.55294
86256.94485
86261.33676
86265.72867
86270.12058
86274.51249
86278.9044
86283.2963
86287.68821
86292.08012
86296.47203
86300.86394
86305.25585
86309.64776
86314.03967
86318.43158
86322.82349
86327.21539
86331.6073
86335.99921
86340.39112
86344.78303
86349.17494
86353.56685
86357.95876
86362.35067
86366.74257
86371.13448
86375.52639
86379.9183
86384.31021
86388.70212
86393.09403
86397.48594
86401.87785
86406.26976
86410.66166
86415.05357
86419.44548
86423.83739
86428.2293
86432.62121
86437.01312
86441.40503
86445.79694
86450.18884
86454.58075
86458.97266
86463.36457
86467.75648
86472.14839
86476.5403
86480.93221
86485.32412
86489.71603
86494.10793
86498.49984
86502.89175
86507.28366
86511.67557
86516.06748
86520.45939
86524.8513
86529.24321
86533.63511
86538.02702
86542.41893
86546.81084
86551.20275
86555.59466
86559.98657
86564.37848
86568.77039
86573.1623
86577.5542
86581.94611
86586.33802
86590.72993
86595.12184
86599.51375
86603.90566
86608.29757
86612.68948
86617.08138
86621.47329
86625.8652
86630.25711
86634.64902
86639.04093
86643.43284
86647.82475
86652.21666
86656.60857
86661.00047
86665.39238
86669.78429
86674.1762
86678.56811
86682.96002
86687.35193
86691.74384
86696.13575
86700.52765
86704.91956
86709.31147
86713.70338
86718.09529
86722.4872
86726.87911
86731.27102
86735.66293
86740.05484
86744.44674
86748.83865
86753.23056
86757.62247
86762.01438
86766.40629
86770.7982
86775.19011
86779.58202
86783.97392
86788.36583
86792.75774
86797.14965
86801.54156
86805.93347
86810.32538
86814.71729
86819.1092
86823.50111
86827.89301
86832.28492
86836.67683
86841.06874
86845.46065
86849.85256
86854.24447
86858.63638
86863.02829
86867.42019
86871.8121
86876.20401
86880.59592
86884.98783
86889.37974
86893.77165
86898.16356
86902.55547
86906.94738
86911.33928
86915.73119
86920.1231
86924.51501
86928.90692
86933.29883
86937.69074
86942.08265
86946.47456
86950.86646
86955.25837
86959.65028
86964.04219
86968.4341
86972.82601
86977.21792
86981.60983
86986.00174
86990.39365
86994.78555
86999.17746
87003.56937
87007.96128
87012.35319
87016.7451
87021.13701
87025.52892
87029.92083
87034.31273
87038.70464
87043.09655
87047.48846
87051.88037
87056.27228
87060.66419
87065.0561
87069.44801
87073.83992
87078.23182
87082.62373
87087.01564
87091.40755
87095.79946
87100.19137
87104.58328
87108.97519
87113.3671
87117.759
87122.15091
87126.54282
87130.93473
87135.32664
87139.71855
87144.11046
87148.50237
87152.89428
87157.28619
87161.67809
87166.07
87170.46191
87174.85382
87179.24573
87183.63764
87188.02955
87192.42146
87196.81337
87201.20527
87205.59718
87209.98909
87214.381
87218.77291
87223.16482
87227.55673
87231.94864
87236.34055
87240.73246
87245.12436
87249.51627
87253.90818
87258.30009
87262.692
87267.08391
87271.47582
87275.86773
87280.25964
87284.65154
87289.04345
87293.43536
87297.82727
87302.21918
87306.61109
87311.003
87315.39491
87319.78682
87324.17873
87328.57063
87332.96254
87337.35445
87341.74636
87346.13827
87350.53018
87354.92209
87359.314
87363.70591
87368.09781
87372.48972
87376.88163
87381.27354
87385.66545
87390.05736
87394.44927
87398.84118
87403.23309
87407.625
87412.0169
87416.40881
87420.80072
87425.19263
87429.58454
87433.97645
87438.36836
87442.76027
87447.15218
87451.54408
87455.93599
87460.3279
87464.71981
87469.11172
87473.50363
87477.89554
87482.28745
87486.67936
87491.07127
87495.46317
87499.85508
87504.24699
87508.6389
87513.03081
87517.42272
87521.81463
87526.20654
87530.59845
87534.99035
87539.38226
87543.77417
87548.16608
87552.55799
87556.9499
87561.34181
87565.73372
87570.12563
87574.51754
87578.90944
87583.30135
87587.69326
87592.08517
87596.47708
87600.86899
87605.2609
87609.65281
87614.04472
87618.43663
87622.82853
87627.22044
87631.61235
87636.00426
87640.39617
87644.78808
87649.17999
87653.5719
87657.96381
87662.35571
87666.74762
87671.13953
87675.53144
87679.92335
87684.31526
87688.70717
87693.09908
87697.49099
87701.8829
87706.2748
87710.66671
87715.05862
87719.45053
87723.84244
87728.23435
87732.62626
87737.01817
87741.41008
87745.80198
87750.19389
87754.5858
87758.97771
87763.36962
87767.76153
87772.15344
87776.54535
87780.93726
87785.32917
87789.72107
87794.11298
87798.50489
87802.8968
87807.28871
87811.68062
87816.07253
87820.46444
87824.85635
87829.24825
87833.64016
87838.03207
87842.42398
87846.81589
87851.2078
87855.59971
87859.99162
87864.38353
87868.77544
87873.16734
87877.55925
87881.95116
87886.34307
87890.73498
87895.12689
87899.5188
87903.91071
87908.30262
87912.69452
87917.08643
87921.47834
87925.87025
87930.26216
87934.65407
87939.04598
87943.43789
87947.8298
87952.22171
87956.61361
87961.00552
87965.39743
87969.78934
87974.18125
87978.57316
87982.96507
87987.35698
87991.74889
87996.14079
88000.5327
88004.92461
88009.31652
88013.70843
88018.10034
88022.49225
88026.88416
88031.27607
88035.66798
88040.05988
88044.45179
88048.8437
88053.23561
88057.62752
88062.01943
88066.41134
88070.80325
88075.19516
88079.58706
88083.97897
88088.37088
88092.76279
88097.1547
88101.54661
88105.93852
88110.33043
88114.72234
88119.11425
88123.50615
88127.89806
88132.28997
88136.68188
88141.07379
88145.4657
88149.85761
88154.24952
88158.64143
88163.03333
88167.42524
88171.81715
88176.20906
88180.60097
88184.99288
88189.38479
88193.7767
88198.16861
88202.56052
88206.95242
88211.34433
88215.73624
88220.12815
88224.52006
88228.91197
88233.30388
88237.69579
88242.0877
88246.4796
88250.87151
88255.26342
88259.65533
88264.04724
88268.43915
88272.83106
88277.22297
88281.61488
88286.00679
88290.39869
88294.7906
88299.18251
88303.57442
88307.96633
88312.35824
88316.75015
88321.14206
88325.53397
88329.92587
88334.31778
88338.70969
88343.1016
88347.49351
88351.88542
88356.27733
88360.66924
88365.06115
88369.45306
88373.84496
88378.23687
88382.62878
88387.02069
88391.4126
88395.80451
88400.19642
88404.58833
88408.98024
88413.37214
88417.76405
88422.15596
88426.54787
88430.93978
88435.33169
88439.7236
88444.11551
88448.50742
88452.89933
88457.29123
88461.68314
88466.07505
88470.46696
88474.85887
88479.25078
88483.64269
88488.0346
88492.42651
88496.81841
88501.21032
88505.60223
88509.99414
88514.38605
88518.77796
88523.16987
88527.56178
88531.95369
88536.3456
88540.7375
88545.12941
88549.52132
88553.91323
88558.30514
88562.69705
88567.08896
88571.48087
88575.87278
88580.26468
88584.65659
88589.0485
88593.44041
88597.83232
88602.22423
88606.61614
88611.00805
88615.39996
88619.79187
88624.18377
88628.57568
88632.96759
88637.3595
88641.75141
88646.14332
88650.53523
88654.92714
88659.31905
88663.71095
88668.10286
88672.49477
88676.88668
88681.27859
88685.6705
88690.06241
88694.45432
88698.84623
88703.23814
88707.63004
88712.02195
88716.41386
88720.80577
88725.19768
88729.58959
88733.9815
88738.37341
88742.76532
88747.15722
88751.54913
88755.94104
88760.33295
88764.72486
88769.11677
88773.50868
88777.90059
88782.2925
88786.68441
88791.07631
88795.46822
88799.86013
88804.25204
88808.64395
88813.03586
88817.42777
88821.81968
88826.21159
88830.60349
88834.9954
88839.38731
88843.77922
88848.17113
88852.56304
88856.95495
88861.34686
88865.73877
88870.13068
88874.52258
88878.91449
88883.3064
88887.69831
88892.09022
88896.48213
88900.87404
88905.26595
88909.65786
88914.04976
88918.44167
88922.83358
88927.22549
88931.6174
88936.00931
88940.40122
88944.79313
88949.18504
88953.57695
88957.96885
88962.36076
88966.75267
88971.14458
88975.53649
88979.9284
88984.32031
88988.71222
88993.10413
88997.49604
89001.88794
89006.27985
89010.67176
89015.06367
89019.45558
89023.84749
89028.2394
89032.63131
89037.02322
89041.41512
89045.80703
89050.19894
89054.59085
89058.98276
89063.37467
89067.76658
89072.15849
89076.5504
89080.94231
89085.33421
89089.72612
89094.11803
89098.50994
89102.90185
89107.29376
89111.68567
89116.07758
89120.46949
89124.86139
89129.2533
89133.64521
89138.03712
89142.42903
89146.82094
89151.21285
89155.60476
89159.99667
89164.38858
89168.78048
89173.17239
89177.5643
89181.95621
89186.34812
89190.74003
89195.13194
89199.52385
89203.91576
89208.30766
89212.69957
89217.09148
89221.48339
89225.8753
89230.26721
89234.65912
89239.05103
89243.44294
89247.83485
89252.22675
89256.61866
89261.01057
89265.40248
89269.79439
89274.1863
89278.57821
89282.97012
89287.36203
89291.75393
89296.14584
89300.53775
89304.92966
89309.32157
89313.71348
89318.10539
89322.4973
89326.88921
89331.28112
89335.67302
89340.06493
89344.45684
89348.84875
89353.24066
89357.63257
89362.02448
89366.41639
89370.8083
89375.2002
89379.59211
89383.98402
89388.37593
89392.76784
89397.15975
89401.55166
89405.94357
89410.33548
89414.72739
89419.11929
89423.5112
89427.90311
89432.29502
89436.68693
89441.07884
89445.47075
89449.86266
89454.25457
89458.64647
89463.03838
89467.43029
89471.8222
89476.21411
89480.60602
89484.99793
89489.38984
89493.78175
89498.17366
89502.56556
89506.95747
89511.34938
89515.74129
89520.1332
89524.52511
89528.91702
89533.30893
89537.70084
89542.09274
89546.48465
89550.87656
89555.26847
89559.66038
89564.05229
89568.4442
89572.83611
89577.22802
89581.61993
89586.01183
89590.40374
89594.79565
89599.18756
89603.57947
89607.97138
89612.36329
89616.7552
89621.14711
89625.53901
89629.93092
89634.32283
89638.71474
89643.10665
89647.49856
89651.89047
89656.28238
89660.67429
89665.0662
89669.4581
89673.85001
89678.24192
89682.63383
89687.02574
89691.41765
89695.80956
89700.20147
89704.59338
89708.98528
89713.37719
89717.7691
89722.16101
89726.55292
89730.94483
89735.33674
89739.72865
89744.12056
89748.51247
89752.90437
89757.29628
89761.68819
89766.0801
89770.47201
89774.86392
89779.25583
89783.64774
89788.03965
89792.43155
89796.82346
89801.21537
89805.60728
89809.99919
89814.3911
89818.78301
89823.17492
89827.56683
89831.95874
89836.35064
89840.74255
89845.13446
89849.52637
89853.91828
89858.31019
89862.7021
89867.09401
89871.48592
89875.87782
89880.26973
89884.66164
89889.05355
89893.44546
89897.83737
89902.22928
89906.62119
89911.0131
89915.40501
89919.79691
89924.18882
89928.58073
89932.97264
89937.36455
89941.75646
89946.14837
89950.54028
89954.93219
89959.32409
89963.716
89968.10791
89972.49982
89976.89173
89981.28364
89985.67555
89990.06746
89994.45937
89998.85128
90003.24318
90007.63509
90012.027
90016.41891
90020.81082
90025.20273
90029.59464
90033.98655
90038.37846
90042.77036
90047.16227
90051.55418
90055.94609
90060.338
90064.72991
90069.12182
90073.51373
90077.90564
90082.29755
90086.68945
90091.08136
90095.47327
90099.86518
90104.25709
90108.649
90113.04091
90117.43282
90121.82473
90126.21663
90130.60854
90135.00045
90139.39236
90143.78427
90148.17618
90152.56809
90156.96
90161.35191
90165.74382
90170.13572
90174.52763
90178.91954
90183.31145
90187.70336
90192.09527
90196.48718
90200.87909
90205.271
90209.6629
90214.05481
90218.44672
90222.83863
90227.23054
90231.62245
90236.01436
90240.40627
90244.79818
90249.19009
90253.58199
90257.9739
90262.36581
90266.75772
90271.14963
90275.54154
90279.93345
90284.32536
90288.71727
90293.10917
90297.50108
90301.89299
90306.2849
90310.67681
90315.06872
90319.46063
90323.85254
90328.24445
90332.63636
90337.02826
90341.42017
90345.81208
90350.20399
90354.5959
90358.98781
90363.37972
90367.77163
90372.16354
90376.55545
90380.94735
90385.33926
90389.73117
90394.12308
90398.51499
90402.9069
90407.29881
90411.69072
90416.08263
90420.47453
90424.86644
90429.25835
90433.65026
90438.04217
90442.43408
90446.82599
90451.2179
90455.60981
90460.00172
90464.39362
90468.78553
90473.17744
90477.56935
90481.96126
90486.35317
90490.74508
90495.13699
90499.5289
90503.9208
90508.31271
90512.70462
90517.09653
90521.48844
90525.88035
90530.27226
90534.66417
90539.05608
90543.44799
90547.83989
90552.2318
90556.62371
90561.01562
90565.40753
90569.79944
90574.19135
90578.58326
90582.97517
90587.36707
90591.75898
90596.15089
90600.5428
90604.93471
90609.32662
90613.71853
90618.11044
90622.50235
90626.89426
90631.28616
90635.67807
90640.06998
90644.46189
90648.8538
90653.24571
90657.63762
90662.02953
90666.42144
90670.81334
90675.20525
90679.59716
90683.98907
90688.38098
90692.77289
90697.1648
90701.55671
90705.94862
90710.34053
90714.73243
90719.12434
90723.51625
90727.90816
90732.30007
90736.69198
90741.08389
90745.4758
90749.86771
90754.25961
90758.65152
90763.04343
90767.43534
90771.82725
90776.21916
90780.61107
90785.00298
90789.39489
90793.7868
90798.1787
90802.57061
90806.96252
90811.35443
90815.74634
90820.13825
90824.53016
90828.92207
90833.31398
90837.70588
90842.09779
90846.4897
90850.88161
90855.27352
90859.66543
90864.05734
90868.44925
90872.84116
90877.23307
90881.62497
90886.01688
90890.40879
90894.8007
90899.19261
90903.58452
90907.97643
90912.36834
90916.76025
90921.15215
90925.54406
90929.93597
90934.32788
90938.71979
90943.1117
90947.50361
90951.89552
90956.28743
90960.67934
90965.07124
90969.46315
90973.85506
90978.24697
90982.63888
90987.03079
90991.4227
90995.81461
91000.20652
91004.59842
91008.99033
91013.38224
91017.77415
91022.16606
91026.55797
91030.94988
91035.34179
91039.7337
91044.12561
91048.51751
91052.90942
91057.30133
91061.69324
91066.08515
91070.47706
91074.86897
91079.26088
91083.65279
91088.04469
91092.4366
91096.82851
91101.22042
91105.61233
91110.00424
91114.39615
91118.78806
91123.17997
91127.57188
91131.96378
91136.35569
91140.7476
91145.13951
91149.53142
91153.92333
91158.31524
91162.70715
91167.09906
91171.49096
91175.88287
91180.27478
91184.66669
91189.0586
91193.45051
91197.84242
91202.23433
91206.62624
91211.01815
91215.41005
91219.80196
91224.19387
91228.58578
91232.97769
91237.3696
91241.76151
91246.15342
91250.54533
91254.93723
91259.32914
91263.72105
91268.11296
91272.50487
91276.89678
91281.28869
91285.6806
91290.07251
91294.46442
91298.85632
91303.24823
91307.64014
91312.03205
91316.42396
91320.81587
91325.20778
91329.59969
91333.9916
91338.3835
91342.77541
91347.16732
91351.55923
91355.95114
91360.34305
91364.73496
91369.12687
91373.51878
91377.91069
91382.30259
91386.6945
91391.08641
91395.47832
91399.87023
91404.26214
91408.65405
91413.04596
91417.43787
91421.82977
91426.22168
91430.61359
91435.0055
91439.39741
91443.78932
91448.18123
91452.57314
91456.96505
91461.35696
91465.74886
91470.14077
91474.53268
91478.92459
91483.3165
91487.70841
91492.10032
91496.49223
91500.88414
91505.27604
91509.66795
91514.05986
91518.45177
91522.84368
91527.23559
91531.6275
91536.01941
91540.41132
91544.80323
91549.19513
91553.58704
91557.97895
91562.37086
91566.76277
91571.15468
91575.54659
91579.9385
91584.33041
91588.72231
91593.11422
91597.50613
91601.89804
91606.28995
91610.68186
91615.07377
91619.46568
91623.85759
91628.2495
91632.6414
91637.03331
91641.42522
91645.81713
91650.20904
91654.60095
91658.99286
91663.38477
91667.77668
91672.16858
91676.56049
91680.9524
91685.34431
91689.73622
91694.12813
91698.52004
91702.91195
91707.30386
91711.69577
91716.08767
91720.47958
91724.87149
91729.2634
91733.65531
91738.04722
91742.43913
91746.83104
91751.22295
91755.61486
91760.00676
91764.39867
91768.79058
91773.18249
91777.5744
91781.96631
91786.35822
91790.75013
91795.14204
91799.53394
91803.92585
91808.31776
91812.70967
91817.10158
91821.49349
91825.8854
91830.27731
91834.66922
91839.06113
91843.45303
91847.84494
91852.23685
91856.62876
91861.02067
91865.41258
91869.80449
91874.1964
91878.58831
91882.98021
91887.37212
91891.76403
91896.15594
91900.54785
91904.93976
91909.33167
91913.72358
91918.11549
91922.5074
91926.8993
91931.29121
91935.68312
91940.07503
91944.46694
91948.85885
91953.25076
91957.64267
91962.03458
91966.42648
91970.81839
91975.2103
91979.60221
91983.99412
91988.38603
91992.77794
91997.16985
92001.56176
92005.95367
92010.34557
92014.73748
92019.12939
92023.5213
92027.91321
92032.30512
92036.69703
92041.08894
92045.48085
92049.87275
92054.26466
92058.65657
92063.04848
92067.44039
92071.8323
92076.22421
92080.61612
92085.00803
92089.39994
92093.79184
92098.18375
92102.57566
92106.96757
92111.35948
92115.75139
92120.1433
92124.53521
92128.92712
92133.31902
92137.71093
92142.10284
92146.49475
92150.88666
92155.27857
92159.67048
92164.06239
92168.4543
92172.84621
92177.23811
92181.63002
92186.02193
92190.41384
92194.80575
92199.19766
92203.58957
92207.98148
92212.37339
92216.76529
92221.1572
92225.54911
92229.94102
92234.33293
92238.72484
92243.11675
92247.50866
92251.90057
92256.29248
92260.68438
92265.07629
92269.4682
92273.86011
92278.25202
92282.64393
92287.03584
92291.42775
92295.81966
92300.21156
92304.60347
92308.99538
92313.38729
92317.7792
92322.17111
92326.56302
92330.95493
92335.34684
92339.73875
92344.13065
92348.52256
92352.91447
92357.30638
92361.69829
92366.0902
92370.48211
92374.87402
92379.26593
92383.65783
92388.04974
92392.44165
92396.83356
92401.22547
92405.61738
92410.00929
92414.4012
92418.79311
92423.18502
92427.57692
92431.96883
92436.36074
92440.75265
92445.14456
92449.53647
92453.92838
92458.32029
92462.7122
92467.1041
92471.49601
92475.88792
92480.27983
92484.67174
92489.06365
92493.45556
92497.84747
92502.23938
92506.63129
92511.02319
92515.4151
92519.80701
92524.19892
92528.59083
92532.98274
92537.37465
92541.76656
92546.15847
92550.55037
92554.94228
92559.33419
92563.7261
92568.11801
92572.50992
92576.90183
92581.29374
92585.68565
92590.07756
92594.46946
92598.86137
92603.25328
92607.64519
92612.0371
92616.42901
92620.82092
92625.21283
92629.60474
92633.99664
92638.38855
92642.78046
92647.17237
92651.56428
92655.95619
92660.3481
92664.74001
92669.13192
92673.52383
92677.91573
92682.30764
92686.69955
92691.09146
92695.48337
92699.87528
92704.26719
92708.6591
92713.05101
92717.44291
92721.83482
92726.22673
92730.61864
92735.01055
92739.40246
92743.79437
92748.18628
92752.57819
92756.9701
92761.362
92765.75391
92770.14582
92774.53773
92778.92964
92783.32155
92787.71346
92792.10537
92796.49728
92800.88918
92805.28109
92809.673
92814.06491
92818.45682
92822.84873
92827.24064
92831.63255
92836.02446
92840.41637
92844.80827
92849.20018
92853.59209
92857.984
92862.37591
92866.76782
92871.15973
92875.55164
92879.94355
92884.33545
92888.72736
92893.11927
92897.51118
92901.90309
92906.295
92910.68691
92915.07882
92919.47073
92923.86264
92928.25454
92932.64645
92937.03836
92941.43027
92945.82218
92950.21409
92954.606
92958.99791
92963.38982
92967.78172
92972.17363
92976.56554
92980.95745
92985.34936
92989.74127
92994.13318
92998.52509
93002.917
93007.30891
93011.70081
93016.09272
93020.48463
93024.87654
93029.26845
93033.66036
93038.05227
93042.44418
93046.83609
93051.22799
93055.6199
93060.01181
93064.40372
93068.79563
93073.18754
93077.57945
93081.97136
93086.36327
93090.75518
93095.14708
93099.53899
93103.9309
93108.32281
93112.71472
93117.10663
93121.49854
93125.89045
93130.28236
93134.67427
93139.06617
93143.45808
93147.84999
93152.2419
93156.63381
93161.02572
93165.41763
93169.80954
93174.20145
93178.59335
93182.98526
93187.37717
93191.76908
93196.16099
93200.5529
93204.94481
93209.33672
93213.72863
93218.12054
93222.51244
93226.90435
93231.29626
93235.68817
93240.08008
93244.47199
93248.8639
93253.25581
93257.64772
93262.03962
93266.43153
93270.82344
93275.21535
93279.60726
93283.99917
93288.39108
93292.78299
93297.1749
93301.56681
93305.95871
93310.35062
93314.74253
93319.13444
93323.52635
93327.91826
93332.31017
93336.70208
93341.09399
93345.48589
93349.8778
93354.26971
93358.66162
93363.05353
93367.44544
93371.83735
93376.22926
93380.62117
93385.01308
93389.40498
93393.79689
93398.1888
93402.58071
93406.97262
93411.36453
93415.75644
93420.14835
93424.54026
93428.93216
93433.32407
93437.71598
93442.10789
93446.4998
93450.89171
93455.28362
93459.67553
93464.06744
93468.45935
93472.85125
93477.24316
93481.63507
93486.02698
93490.41889
93494.8108
93499.20271
93503.59462
93507.98653
93512.37843
93516.77034
93521.16225
93525.55416
93529.94607
93534.33798
93538.72989
93543.1218
93547.51371
93551.90562
93556.29752
93560.68943
93565.08134
93569.47325
93573.86516
93578.25707
93582.64898
93587.04089
93591.4328
93595.8247
93600.21661
93604.60852
93609.00043
93613.39234
93617.78425
93622.17616
93626.56807
93630.95998
93635.35189
93639.74379
93644.1357
93648.52761
93652.91952
93657.31143
93661.70334
93666.09525
93670.48716
93674.87907
93679.27097
93683.66288
93688.05479
93692.4467
93696.83861
93701.23052
93705.62243
93710.01434
93714.40625
93718.79816
93723.19006
93727.58197
93731.97388
93736.36579
93740.7577
93745.14961
93749.54152
93753.93343
93758.32534
93762.71724
93767.10915
93771.50106
93775.89297
93780.28488
93784.67679
93789.0687
93793.46061
93797.85252
93802.24443
93806.63633
93811.02824
93815.42015
93819.81206
93824.20397
93828.59588
93832.98779
93837.3797
93841.77161
93846.16351
93850.55542
93854.94733
93859.33924
93863.73115
93868.12306
93872.51497
93876.90688
93881.29879
93885.6907
93890.0826
93894.47451
93898.86642
93903.25833
93907.65024
93912.04215
93916.43406
93920.82597
93925.21788
93929.60978
93934.00169
93938.3936
93942.78551
93947.17742
93951.56933
93955.96124
93960.35315
93964.74506
93969.13697
93973.52887
93977.92078
93982.31269
93986.7046
93991.09651
93995.48842
93999.88033
94004.27224
94008.66415
94013.05605
94017.44796
94021.83987
94026.23178
94030.62369
94035.0156
94039.40751
94043.79942
94048.19133
94052.58324
94056.97514
94061.36705
94065.75896
94070.15087
94074.54278
94078.93469
94083.3266
94087.71851
94092.11042
94096.50232
94100.89423
94105.28614
94109.67805
94114.06996
94118.46187
94122.85378
94127.24569
94131.6376
94136.02951
94140.42141
94144.81332
94149.20523
94153.59714
94157.98905
94162.38096
94166.77287
94171.16478
94175.55669
94179.94859
94184.3405
94188.73241
94193.12432
94197.51623
94201.90814
94206.30005
94210.69196
94215.08387
94219.47578
94223.86768
94228.25959
94232.6515
94237.04341
94241.43532
94245.82723
94250.21914
94254.61105
94259.00296
94263.39486
94267.78677
94272.17868
94276.57059
94280.9625
94285.35441
94289.74632
94294.13823
94298.53014
94302.92205
94307.31395
94311.70586
94316.09777
94320.48968
94324.88159
94329.2735
94333.66541
94338.05732
94342.44923
94346.84113
94351.23304
94355.62495
94360.01686
94364.40877
94368.80068
94373.19259
94377.5845
94381.97641
94386.36832
94390.76022
94395.15213
94399.54404
94403.93595
94408.32786
94412.71977
94417.11168
94421.50359
94425.8955
94430.2874
94434.67931
94439.07122
94443.46313
94447.85504
94452.24695
94456.63886
94461.03077
94465.42268
94469.81459
94474.20649
94478.5984
94482.99031
94487.38222
94491.77413
94496.16604
94500.55795
94504.94986
94509.34177
94513.73368
94518.12558
94522.51749
94526.9094
94531.30131
94535.69322
94540.08513
94544.47704
94548.86895
94553.26086
94557.65276
94562.04467
94566.43658
94570.82849
94575.2204
94579.61231
94584.00422
94588.39613
94592.78804
94597.17995
94601.57185
94605.96376
94610.35567
94614.74758
94619.13949
94623.5314
94627.92331
94632.31522
94636.70713
94641.09903
94645.49094
94649.88285
94654.27476
94658.66667
94663.05858
94667.45049
94671.8424
94676.23431
94680.62622
94685.01812
94689.41003
94693.80194
94698.19385
94702.58576
94706.97767
94711.36958
94715.76149
94720.1534
94724.5453
94728.93721
94733.32912
94737.72103
94742.11294
94746.50485
94750.89676
94755.28867
94759.68058
94764.07249
94768.46439
94772.8563
94777.24821
94781.64012
94786.03203
94790.42394
94794.81585
94799.20776
94803.59967
94807.99157
94812.38348
94816.77539
94821.1673
94825.55921
94829.95112
94834.34303
94838.73494
94843.12685
94847.51876
94851.91066
94856.30257
94860.69448
94865.08639
94869.4783
94873.87021
94878.26212
94882.65403
94887.04594
94891.43784
94895.82975
94900.22166
94904.61357
94909.00548
94913.39739
94917.7893
94922.18121
94926.57312
94930.96503
94935.35693
94939.74884
94944.14075
94948.53266
94952.92457
94957.31648
94961.70839
94966.1003
94970.49221
94974.88411
94979.27602
94983.66793
94988.05984
94992.45175
94996.84366
95001.23557
95005.62748
95010.01939
95014.4113
95018.8032
95023.19511
95027.58702
95031.97893
95036.37084
95040.76275
95045.15466
95049.54657
95053.93848
95058.33038
95062.72229
95067.1142
95071.50611
95075.89802
95080.28993
95084.68184
95089.07375
95093.46566
95097.85757
95102.24947
95106.64138
95111.03329
95115.4252
95119.81711
95124.20902
95128.60093
95132.99284
95137.38475
95141.77665
95146.16856
95150.56047
95154.95238
95159.34429
95163.7362
95168.12811
95172.52002
95176.91193
95181.30384
95185.69574
95190.08765
95194.47956
95198.87147
95203.26338
95207.65529
95212.0472
95216.43911
95220.83102
95225.22292
95229.61483
95234.00674
95238.39865
95242.79056
95247.18247
95251.57438
95255.96629
95260.3582
95264.75011
95269.14201
95273.53392
95277.92583
95282.31774
95286.70965
95291.10156
95295.49347
95299.88538
95304.27729
95308.66919
95313.0611
95317.45301
95321.84492
95326.23683
95330.62874
95335.02065
95339.41256
95343.80447
95348.19638
95352.58828
95356.98019
95361.3721
95365.76401
95370.15592
95374.54783
95378.93974
95383.33165
95387.72356
95392.11546
95396.50737
95400.89928
95405.29119
95409.6831
95414.07501
95418.46692
95422.85883
95427.25074
95431.64265
95436.03455
95440.42646
95444.81837
95449.21028
95453.60219
95457.9941
95462.38601
95466.77792
95471.16983
95475.56173
95479.95364
95484.34555
95488.73746
95493.12937
95497.52128
95501.91319
95506.3051
95510.69701
95515.08892
95519.48082
95523.87273
95528.26464
95532.65655
95537.04846
95541.44037
95545.83228
95550.22419
95554.6161
95559.008
95563.39991
95567.79182
95572.18373
95576.57564
95580.96755
95585.35946
95589.75137
95594.14328
95598.53519
95602.92709
95607.319
95611.71091
95616.10282
95620.49473
95624.88664
95629.27855
95633.67046
95638.06237
95642.45427
95646.84618
95651.23809
95655.63
95660.02191
95664.41382
95668.80573
95673.19764
95677.58955
95681.98146
95686.37336
95690.76527
95695.15718
95699.54909
95703.941
95708.33291
95712.72482
95717.11673
95721.50864
95725.90054
95730.29245
95734.68436
95739.07627
95743.46818
95747.86009
95752.252
95756.64391
95761.03582
95765.42773
95769.81963
95774.21154
95778.60345
95782.99536
95787.38727
95791.77918
95796.17109
95800.563
95804.95491
95809.34681
95813.73872
95818.13063
95822.52254
95826.91445
95831.30636
95835.69827
95840.09018
95844.48209
95848.874
95853.2659
95857.65781
95862.04972
95866.44163
95870.83354
95875.22545
95879.61736
95884.00927
95888.40118
95892.79309
95897.18499
95901.5769
95905.96881
95910.36072
95914.75263
95919.14454
95923.53645
95927.92836
95932.32027
95936.71217
95941.10408
95945.49599
95949.8879
95954.27981
95958.67172
95963.06363
95967.45554
95971.84745
95976.23936
95980.63126
95985.02317
95989.41508
95993.80699
95998.1989
96002.59081
96006.98272
96011.37463
96015.76654
96020.15844
96024.55035
96028.94226
96033.33417
96037.72608
96042.11799
96046.5099
96050.90181
96055.29372
96059.68563
96064.07753
96068.46944
96072.86135
96077.25326
96081.64517
96086.03708
96090.42899
96094.8209
96099.21281
96103.60471
96107.99662
96112.38853
96116.78044
96121.17235
96125.56426
96129.95617
96134.34808
96138.73999
96143.1319
96147.5238
96151.91571
96156.30762
96160.69953
96165.09144
96169.48335
96173.87526
96178.26717
96182.65908
96187.05098
96191.44289
96195.8348
96200.22671
96204.61862
96209.01053
96213.40244
96217.79435
96222.18626
96226.57817
96230.97007
96235.36198
96239.75389
96244.1458
96248.53771
96252.92962
96257.32153
96261.71344
96266.10535
96270.49725
96274.88916
96279.28107
96283.67298
96288.06489
96292.4568
96296.84871
96301.24062
96305.63253
96310.02444
96314.41634
96318.80825
96323.20016
96327.59207
96331.98398
96336.37589
96340.7678
96345.15971
96349.55162
96353.94352
96358.33543
96362.72734
96367.11925
96371.51116
96375.90307
96380.29498
96384.68689
96389.0788
96393.47071
96397.86261
96402.25452
96406.64643
96411.03834
96415.43025
96419.82216
96424.21407
96428.60598
96432.99789
96437.38979
96441.7817
96446.17361
96450.56552
96454.95743
96459.34934
96463.74125
96468.13316
96472.52507
96476.91698
96481.30888
96485.70079
96490.0927
96494.48461
96498.87652
96503.26843
96507.66034
96512.05225
96516.44416
96520.83606
96525.22797
96529.61988
96534.01179
96538.4037
96542.79561
96547.18752
96551.57943
96555.97134
96560.36325
96564.75515
96569.14706
96573.53897
96577.93088
96582.32279
96586.7147
96591.10661
96595.49852
96599.89043
96604.28233
96608.67424
96613.06615
96617.45806
96621.84997
96626.24188
96630.63379
96635.0257
96639.41761
96643.80952
96648.20142
96652.59333
96656.98524
96661.37715
96665.76906
96670.16097
96674.55288
96678.94479
96683.3367
96687.7286
96692.12051
96696.51242
96700.90433
96705.29624
96709.68815
96714.08006
96718.47197
96722.86388
96727.25579
96731.64769
96736.0396
96740.43151
96744.82342
96749.21533
96753.60724
96757.99915
96762.39106
96766.78297
96771.17487
96775.56678
96779.95869
96784.3506
96788.74251
96793.13442
96797.52633
96801.91824
96806.31015
96810.70206
96815.09396
96819.48587
96823.87778
96828.26969
96832.6616
96837.05351
96841.44542
96845.83733
96850.22924
96854.62114
96859.01305
96863.40496
96867.79687
96872.18878
96876.58069
96880.9726
96885.36451
96889.75642
96894.14833
96898.54023
96902.93214
96907.32405
96911.71596
96916.10787
96920.49978
96924.89169
96929.2836
96933.67551
96938.06741
96942.45932
96946.85123
96951.24314
96955.63505
96960.02696
96964.41887
96968.81078
96973.20269
96977.5946
96981.9865
96986.37841
96990.77032
96995.16223
96999.55414
97003.94605
97008.33796
97012.72987
97017.12178
97021.51368
97025.90559
97030.2975
97034.68941
97039.08132
97043.47323
97047.86514
97052.25705
97056.64896
97061.04087
97065.43277
97069.82468
97074.21659
97078.6085
97083.00041
97087.39232
97091.78423
97096.17614
97100.56805
97104.95995
97109.35186
97113.74377
97118.13568
97122.52759
97126.9195
97131.31141
97135.70332
97140.09523
97144.48714
97148.87904
97153.27095
97157.66286
97162.05477
97166.44668
97170.83859
97175.2305
97179.62241
97184.01432
97188.40622
97192.79813
97197.19004
97201.58195
97205.97386
97210.36577
97214.75768
97219.14959
97223.5415
97227.93341
97232.32531
97236.71722
97241.10913
97245.50104
97249.89295
97254.28486
97258.67677
97263.06868
97267.46059
97271.85249
97276.2444
97280.63631
97285.02822
97289.42013
97293.81204
97298.20395
97302.59586
97306.98777
97311.37968
97315.77158
97320.16349
97324.5554
97328.94731
97333.33922
97337.73113
97342.12304
97346.51495
97350.90686
97355.29877
97359.69067
97364.08258
97368.47449
97372.8664
97377.25831
97381.65022
97386.04213
97390.43404
97394.82595
97399.21785
97403.60976
97408.00167
97412.39358
97416.78549
97421.1774
97425.56931
97429.96122
97434.35313
97438.74504
97443.13694
97447.52885
97451.92076
97456.31267
97460.70458
97465.09649
97469.4884
97473.88031
97478.27222
97482.66412
97487.05603
97491.44794
97495.83985
97500.23176
97504.62367
97509.01558
97513.40749
97517.7994
97522.19131
97526.58321
97530.97512
97535.36703
97539.75894
97544.15085
97548.54276
97552.93467
97557.32658
97561.71849
97566.11039
97570.5023
97574.89421
97579.28612
97583.67803
97588.06994
97592.46185
97596.85376
97601.24567
97605.63758
97610.02948
97614.42139
97618.8133
97623.20521
97627.59712
97631.98903
97636.38094
97640.77285
97645.16476
97649.55666
97653.94857
97658.34048
97662.73239
97667.1243
97671.51621
97675.90812
97680.30003
97684.69194
97689.08385
97693.47575
97697.86766
97702.25957
97706.65148
97711.04339
97715.4353
97719.82721
97724.21912
97728.61103
97733.00293
97737.39484
97741.78675
97746.17866
97750.57057
97754.96248
97759.35439
97763.7463
97768.13821
97772.53012
97776.92202
97781.31393
97785.70584
97790.09775
97794.48966
97798.88157
97803.27348
97807.66539
97812.0573
97816.4492
97820.84111
97825.23302
97829.62493
97834.01684
97838.40875
97842.80066
97847.19257
97851.58448
97855.97639
97860.36829
97864.7602
97869.15211
97873.54402
97877.93593
97882.32784
97886.71975
97891.11166
97895.50357
97899.89547
97904.28738
97908.67929
97913.0712
97917.46311
97921.85502
97926.24693
97930.63884
97935.03075
97939.42266
97943.81456
97948.20647
97952.59838
97956.99029
97961.3822
97965.77411
97970.16602
97974.55793
97978.94984
97983.34174
97987.73365
97992.12556
97996.51747
98000.90938
98005.30129
98009.6932
98014.08511
98018.47702
98022.86893
98027.26083
98031.65274
98036.04465
98040.43656
98044.82847
98049.22038
98053.61229
98058.0042
98062.39611
98066.78801
98071.17992
98075.57183
98079.96374
98084.35565
98088.74756
98093.13947
98097.53138
98101.92329
98106.3152
98110.7071
98115.09901
98119.49092
98123.88283
98128.27474
98132.66665
98137.05856
98141.45047
98145.84238
98150.23428
98154.62619
98159.0181
98163.41001
98167.80192
98172.19383
98176.58574
98180.97765
98185.36956
98189.76147
98194.15337
98198.54528
98202.93719
98207.3291
98211.72101
98216.11292
98220.50483
98224.89674
98229.28865
98233.68055
98238.07246
98242.46437
98246.85628
98251.24819
98255.6401
98260.03201
98264.42392
98268.81583
98273.20774
98277.59964
98281.99155
98286.38346
98290.77537
98295.16728
98299.55919
98303.9511
98308.34301
98312.73492
98317.12682
98321.51873
98325.91064
98330.30255
98334.69446
98339.08637
98343.47828
98347.87019
98352.2621
98356.65401
98361.04591
98365.43782
98369.82973
98374.22164
98378.61355
98383.00546
98387.39737
98391.78928
98396.18119
98400.57309
98404.965
98409.35691
98413.74882
98418.14073
98422.53264
98426.92455
98431.31646
98435.70837
98440.10028
98444.49218
98448.88409
98453.276
98457.66791
98462.05982
98466.45173
98470.84364
98475.23555
98479.62746
98484.01936
98488.41127
98492.80318
98497.19509
98501.587
98505.97891
98510.37082
98514.76273
98519.15464
98523.54655
98527.93845
98532.33036
98536.72227
98541.11418
98545.50609
98549.898
98554.28991
98558.68182
98563.07373
98567.46563
98571.85754
98576.24945
98580.64136
98585.03327
98589.42518
98593.81709
98598.209
98602.60091
98606.99282
98611.38472
98615.77663
98620.16854
98624.56045
98628.95236
98633.34427
98637.73618
98642.12809
98646.52
98650.9119
98655.30381
98659.69572
98664.08763
98668.47954
98672.87145
98677.26336
98681.65527
98686.04718
98690.43909
98694.83099
98699.2229
98703.61481
98708.00672
98712.39863
98716.79054
98721.18245
98725.57436
98729.96627
98734.35818
98738.75008
98743.14199
98747.5339
98751.92581
98756.31772
98760.70963
98765.10154
98769.49345
98773.88536
98778.27726
98782.66917
98787.06108
98791.45299
98795.8449
98800.23681
98804.62872
98809.02063
98813.41254
98817.80445
98822.19635
98826.58826
98830.98017
98835.37208
98839.76399
98844.1559
98848.54781
98852.93972
98857.33163
98861.72353
98866.11544
98870.50735
98874.89926
98879.29117
98883.68308
98888.07499
98892.4669
98896.85881
98901.25072
98905.64262
98910.03453
98914.42644
98918.81835
98923.21026
98927.60217
98931.99408
98936.38599
98940.7779
98945.1698
98949.56171
98953.95362
98958.34553
98962.73744
98967.12935
98971.52126
98975.91317
98980.30508
98984.69699
98989.08889
98993.4808
98997.87271
99002.26462
99006.65653
99011.04844
99015.44035
99019.83226
99024.22417
99028.61607
99033.00798
99037.39989
99041.7918
99046.18371
99050.57562
99054.96753
99059.35944
99063.75135
99068.14326
99072.53516
99076.92707
99081.31898
99085.71089
99090.1028
99094.49471
99098.88662
99103.27853
99107.67044
99112.06234
99116.45425
99120.84616
99125.23807
99129.62998
99134.02189
99138.4138
99142.80571
99147.19762
99151.58953
99155.98143
99160.37334
99164.76525
99169.15716
99173.54907
99177.94098
99182.33289
99186.7248
99191.11671
99195.50861
99199.90052
99204.29243
99208.68434
99213.07625
99217.46816
99221.86007
99226.25198
99230.64389
99235.0358
99239.4277
99243.81961
99248.21152
99252.60343
99256.99534
99261.38725
99265.77916
99270.17107
99274.56298
99278.95488
99283.34679
99287.7387
99292.13061
99296.52252
99300.91443
99305.30634
99309.69825
99314.09016
99318.48207
99322.87397
99327.26588
99331.65779
99336.0497
99340.44161
99344.83352
99349.22543
99353.61734
99358.00925
99362.40115
99366.79306
99371.18497
99375.57688
99379.96879
99384.3607
99388.75261
99393.14452
99397.53643
99401.92834
99406.32024
99410.71215
99415.10406
99419.49597
99423.88788
99428.27979
99432.6717
99437.06361
99441.45552
99445.84742
99450.23933
99454.63124
99459.02315
99463.41506
99467.80697
99472.19888
99476.59079
99480.9827
99485.37461
99489.76651
99494.15842
99498.55033
99502.94224
99507.33415
99511.72606
99516.11797
99520.50988
99524.90179
99529.29369
99533.6856
99538.07751
99542.46942
99546.86133
99551.25324
99555.64515
99560.03706
99564.42897
99568.82088
99573.21278
99577.60469
99581.9966
99586.38851
99590.78042
99595.17233
99599.56424
99603.95615
99608.34806
99612.73996
99617.13187
99621.52378
99625.91569
99630.3076
99634.69951
99639.09142
99643.48333
99647.87524
99652.26715
99656.65905
99661.05096
99665.44287
99669.83478
99674.22669
99678.6186
99683.01051
99687.40242
99691.79433
99696.18623
99700.57814
99704.97005
99709.36196
99713.75387
99718.14578
99722.53769
99726.9296
99731.32151
99735.71342
99740.10532
99744.49723
99748.88914
99753.28105
99757.67296
99762.06487
99766.45678
99770.84869
99775.2406
99779.6325
99784.02441
99788.41632
99792.80823
99797.20014
99801.59205
99805.98396
99810.37587
99814.76778
99819.15969
99823.55159
99827.9435
99832.33541
99836.72732
99841.11923
99845.51114
99849.90305
99854.29496
99858.68687
99863.07877
99867.47068
99871.86259
99876.2545
99880.64641
99885.03832
99889.43023
99893.82214
99898.21405
99902.60596
99906.99786
99911.38977
99915.78168
99920.17359
99924.5655
99928.95741
99933.34932
99937.74123
99942.13314
99946.52504
99950.91695
99955.30886
99959.70077
99964.09268
99968.48459
99972.8765
99977.26841
99981.66032
99986.05223
99990.44413
99994.83604
99999.22795
100003.6199
100008.0118
100012.4037
100016.7956
100021.1875
100025.5794
100029.9713
100034.3632
100038.7551
100043.147
100047.539
100051.9309
100056.3228
100060.7147
100065.1066
100069.4985
100073.8904
100078.2823
100082.6742
100087.0661
100091.458
100095.8499
100100.2419
100104.6338
100109.0257
100113.4176
100117.8095
100122.2014
100126.5933
100130.9852
100135.3771
100139.769
100144.1609
100148.5529
100152.9448
100157.3367
100161.7286
100166.1205
100170.5124
100174.9043
100179.2962
100183.6881
100188.08
100192.4719
100196.8639
100201.2558
100205.6477
100210.0396
100214.4315
100218.8234
100223.2153
100227.6072
100231.9991
100236.391
100240.7829
100245.1749
100249.5668
100253.9587
100258.3506
100262.7425
100267.1344
100271.5263
100275.9182
100280.3101
100284.702
100289.0939
100293.4859
100297.8778
100302.2697
100306.6616
100311.0535
100315.4454
100319.8373
100324.2292
100328.6211
100333.013
100337.4049
100341.7969
100346.1888
100350.5807
100354.9726
100359.3645
100363.7564
100368.1483
100372.5402
100376.9321
100381.324
100385.7159
100390.1078
100394.4998
100398.8917
100403.2836
100407.6755
100412.0674
100416.4593
100420.8512
100425.2431
100429.635
100434.0269
100438.4188
100442.8108
100447.2027
100451.5946
100455.9865
100460.3784
100464.7703
100469.1622
100473.5541
100477.946
100482.3379
100486.7298
100491.1218
100495.5137
100499.9056
100504.2975
100508.6894
100513.0813
100517.4732
100521.8651
100526.257
100530.6489
100535.0408
100539.4328
100543.8247
100548.2166
100552.6085
100557.0004
100561.3923
100565.7842
100570.1761
100574.568
100578.9599
100583.3518
100587.7438
100592.1357
100596.5276
100600.9195
100605.3114
100609.7033
100614.0952
100618.4871
100622.879
100627.2709
100631.6628
100636.0547
100640.4467
100644.8386
100649.2305
100653.6224
100658.0143
100662.4062
100666.7981
100671.19
100675.5819
100679.9738
100684.3657
100688.7577
100693.1496
100697.5415
100701.9334
100706.3253
100710.7172
100715.1091
100719.501
100723.8929
100728.2848
100732.6767
100737.0687
100741.4606
100745.8525
100750.2444
100754.6363
100759.0282
100763.4201
100767.812
100772.2039
100776.5958
100780.9877
100785.3797
100789.7716
100794.1635
100798.5554
100802.9473
100807.3392
100811.7311
100816.123
100820.5149
100824.9068
100829.2987
100833.6907
100838.0826
100842.4745
100846.8664
100851.2583
100855.6502
100860.0421
100864.434
100868.8259
100873.2178
100877.6097
100882.0017
100886.3936
100890.7855
100895.1774
100899.5693
100903.9612
100908.3531
100912.745
100917.1369
100921.5288
100925.9207
100930.3126
100934.7046
100939.0965
100943.4884
100947.8803
100952.2722
100956.6641
100961.056
100965.4479
100969.8398
100974.2317
100978.6236
100983.0156
100987.4075
100991.7994
100996.1913
101000.5832
101004.9751
101009.367
101013.7589
101018.1508
101022.5427
101026.9346
101031.3266
101035.7185
101040.1104
101044.5023
101048.8942
101053.2861
101057.678
101062.0699
101066.4618
101070.8537
101075.2456
101079.6376
101084.0295
101088.4214
101092.8133
101097.2052
101101.5971
101105.989
101110.3809
101114.7728
101119.1647
101123.5566
101127.9486
101132.3405
101136.7324
101141.1243
101145.5162
101149.9081
101154.3
101158.6919
101163.0838
101167.4757
101171.8676
101176.2596
101180.6515
101185.0434
101189.4353
101193.8272
101198.2191
101202.611
101207.0029
101211.3948
101215.7867
101220.1786
101224.5705
101228.9625
101233.3544
101237.7463
101242.1382
101246.5301
101250.922
101255.3139
101259.7058
101264.0977
101268.4896
101272.8815
101277.2735
101281.6654
101286.0573
101290.4492
101294.8411
101299.233
101303.6249
101308.0168
101312.4087
101316.8006
101321.1925
101325.5845
101329.9764
101334.3683
101338.7602
101343.1521
101347.544
101351.9359
101356.3278
101360.7197
101365.1116
101369.5035
101373.8955
101378.2874
101382.6793
101387.0712
101391.4631
101395.855
101400.2469
101404.6388
101409.0307
101413.4226
101417.8145
101422.2065
101426.5984
101430.9903
101435.3822
101439.7741
101444.166
101448.5579
101452.9498
101457.3417
101461.7336
101466.1255
101470.5175
101474.9094
101479.3013
101483.6932
101488.0851
101492.477
101496.8689
101501.2608
101505.6527
101510.0446
101514.4365
101518.8284
101523.2204
101527.6123
101532.0042
101536.3961
101540.788
101545.1799
101549.5718
101553.9637
101558.3556
101562.7475
101567.1394
101571.5314
101575.9233
101580.3152
101584.7071
101589.099
101593.4909
101597.8828
101602.2747
101606.6666
101611.0585
101615.4504
101619.8424
101624.2343
101628.6262
101633.0181
101637.41
101641.8019
101646.1938
101650.5857
101654.9776
101659.3695
101663.7614
101668.1534
101672.5453
101676.9372
101681.3291
101685.721
101690.1129
101694.5048
101698.8967
101703.2886
101707.6805
101712.0724
101716.4644
101720.8563
101725.2482
101729.6401
101734.032
101738.4239
101742.8158
101747.2077
101751.5996
101755.9915
101760.3834
101764.7753
101769.1673
101773.5592
101777.9511
101782.343
101786.7349
101791.1268
101795.5187
101799.9106
101804.3025
101808.6944
101813.0863
101817.4783
101821.8702
101826.2621
101830.654
101835.0459
101839.4378
101843.8297
101848.2216
101852.6135
101857.0054
101861.3973
101865.7893
101870.1812
101874.5731
101878.965
101883.3569
101887.7488
101892.1407
101896.5326
101900.9245
101905.3164
101909.7083
101914.1003
101918.4922
101922.8841
101927.276
101931.6679
101936.0598
101940.4517
101944.8436
101949.2355
101953.6274
101958.0193
101962.4113
101966.8032
101971.1951
101975.587
101979.9789
101984.3708
101988.7627
101993.1546
101997.5465
102001.9384
102006.3303
102010.7223
102015.1142
102019.5061
102023.898
102028.2899
102032.6818
102037.0737
102041.4656
102045.8575
102050.2494
102054.6413
102059.0332
102063.4252
102067.8171
102072.209
102076.6009
102080.9928
102085.3847
102089.7766
102094.1685
102098.5604
102102.9523
102107.3442
102111.7362
102116.1281
102120.52
102124.9119
102129.3038
102133.6957
102138.0876
102142.4795
102146.8714
102151.2633
102155.6552
102160.0472
102164.4391
102168.831
102173.2229
102177.6148
102182.0067
102186.3986
102190.7905
102195.1824
102199.5743
102203.9662
102208.3582
102212.7501
102217.142
102221.5339
102225.9258
102230.3177
102234.7096
102239.1015
102243.4934
102247.8853
102252.2772
102256.6692
102261.0611
102265.453
102269.8449
102274.2368
102278.6287
102283.0206
102287.4125
102291.8044
102296.1963
102300.5882
102304.9802
102309.3721
102313.764
102318.1559
102322.5478
102326.9397
102331.3316
102335.7235
102340.1154
102344.5073
102348.8992
102353.2911
102357.6831
102362.075
102366.4669
102370.8588
102375.2507
102379.6426
102384.0345
102388.4264
102392.8183
102397.2102
102401.6021
102405.9941
102410.386
102414.7779
102419.1698
102423.5617
102427.9536
102432.3455
102436.7374
102441.1293
102445.5212
102449.9131
102454.3051
102458.697
102463.0889
102467.4808
102471.8727
102476.2646
102480.6565
102485.0484
102489.4403
102493.8322
102498.2241
102502.6161
102507.008
102511.3999
102515.7918
102520.1837
102524.5756
102528.9675
102533.3594
102537.7513
102542.1432
102546.5351
102550.9271
102555.319
102559.7109
102564.1028
102568.4947
102572.8866
102577.2785
102581.6704
102586.0623
102590.4542
102594.8461
102599.2381
102603.63
102608.0219
102612.4138
102616.8057
102621.1976
102625.5895
102629.9814
102634.3733
102638.7652
102643.1571
102647.549
102651.941
102656.3329
102660.7248
102665.1167
102669.5086
102673.9005
102678.2924
102682.6843
102687.0762
102691.4681
102695.86
102700.252
102704.6439
102709.0358
102713.4277
102717.8196
102722.2115
102726.6034
102730.9953
102735.3872
102739.7791
102744.171
102748.563
102752.9549
102757.3468
102761.7387
102766.1306
102770.5225
102774.9144
102779.3063
102783.6982
102788.0901
102792.482
102796.874
102801.2659
102805.6578
102810.0497
102814.4416
102818.8335
102823.2254
102827.6173
102832.0092
102836.4011
102840.793
102845.185
102849.5769
102853.9688
102858.3607
102862.7526
102867.1445
102871.5364
102875.9283
102880.3202
102884.7121
102889.104
102893.4959
102897.8879
102902.2798
102906.6717
102911.0636
102915.4555
102919.8474
102924.2393
102928.6312
102933.0231
102937.415
102941.8069
102946.1989
102950.5908
102954.9827
102959.3746
102963.7665
102968.1584
102972.5503
102976.9422
102981.3341
102985.726
102990.1179
102994.5099
102998.9018
103003.2937
103007.6856
103012.0775
103016.4694
103020.8613
103025.2532
103029.6451
103034.037
103038.4289
103042.8209
103047.2128
103051.6047
103055.9966
103060.3885
103064.7804
103069.1723
103073.5642
103077.9561
103082.348
103086.7399
103091.1319
103095.5238
103099.9157
103104.3076
103108.6995
103113.0914
103117.4833
103121.8752
103126.2671
103130.659
103135.0509
103139.4429
103143.8348
103148.2267
103152.6186
103157.0105
103161.4024
103165.7943
103170.1862
103174.5781
103178.97
103183.3619
103187.7538
103192.1458
103196.5377
103200.9296
103205.3215
103209.7134
103214.1053
103218.4972
103222.8891
103227.281
103231.6729
103236.0648
103240.4568
103244.8487
103249.2406
103253.6325
103258.0244
103262.4163
103266.8082
103271.2001
103275.592
103279.9839
103284.3758
103288.7678
103293.1597
103297.5516
103301.9435
103306.3354
103310.7273
103315.1192
103319.5111
103323.903
103328.2949
103332.6868
103337.0788
103341.4707
103345.8626
103350.2545
103354.6464
103359.0383
103363.4302
103367.8221
103372.214
103376.6059
103380.9978
103385.3898
103389.7817
103394.1736
103398.5655
103402.9574
103407.3493
103411.7412
103416.1331
103420.525
103424.9169
103429.3088
103433.7008
103438.0927
103442.4846
103446.8765
103451.2684
103455.6603
103460.0522
103464.4441
103468.836
103473.2279
103477.6198
103482.0117
103486.4037
103490.7956
103495.1875
103499.5794
103503.9713
103508.3632
103512.7551
103517.147
103521.5389
103525.9308
103530.3227
103534.7147
103539.1066
103543.4985
103547.8904
103552.2823
103556.6742
103561.0661
103565.458
103569.8499
103574.2418
103578.6337
103583.0257
103587.4176
103591.8095
103596.2014
103600.5933
103604.9852
103609.3771
103613.769
103618.1609
103622.5528
103626.9447
103631.3367
103635.7286
103640.1205
103644.5124
103648.9043
103653.2962
103657.6881
103662.08
103666.4719
103670.8638
103675.2557
103679.6477
103684.0396
103688.4315
103692.8234
103697.2153
103701.6072
103705.9991
103710.391
103714.7829
103719.1748
103723.5667
103727.9587
103732.3506
103736.7425
103741.1344
103745.5263
103749.9182
103754.3101
103758.702
103763.0939
103767.4858
103771.8777
103776.2696
103780.6616
103785.0535
103789.4454
103793.8373
103798.2292
103802.6211
103807.013
103811.4049
103815.7968
103820.1887
103824.5806
103828.9726
103833.3645
103837.7564
103842.1483
103846.5402
103850.9321
103855.324
103859.7159
103864.1078
103868.4997
103872.8916
103877.2836
103881.6755
103886.0674
103890.4593
103894.8512
103899.2431
103903.635
103908.0269
103912.4188
103916.8107
103921.2026
103925.5946
103929.9865
103934.3784
103938.7703
103943.1622
103947.5541
103951.946
103956.3379
103960.7298
103965.1217
103969.5136
103973.9056
103978.2975
103982.6894
103987.0813
103991.4732
103995.8651
104000.257
104004.6489
104009.0408
104013.4327
104017.8246
104022.2165
104026.6085
104031.0004
104035.3923
104039.7842
104044.1761
104048.568
104052.9599
104057.3518
104061.7437
104066.1356
104070.5275
104074.9195
104079.3114
104083.7033
104088.0952
104092.4871
104096.879
104101.2709
104105.6628
104110.0547
104114.4466
104118.8385
104123.2305
104127.6224
104132.0143
104136.4062
104140.7981
104145.19
104149.5819
104153.9738
104158.3657
104162.7576
104167.1495
104171.5415
104175.9334
104180.3253
104184.7172
104189.1091
104193.501
104197.8929
104202.2848
104206.6767
104211.0686
104215.4605
104219.8525
104224.2444
104228.6363
104233.0282
104237.4201
104241.812
104246.2039
104250.5958
104254.9877
104259.3796
104263.7715
104268.1635
104272.5554
104276.9473
104281.3392
104285.7311
104290.123
104294.5149
104298.9068
104303.2987
104307.6906
104312.0825
104316.4744
104320.8664
104325.2583
104329.6502
104334.0421
104338.434
104342.8259
104347.2178
104351.6097
104356.0016
104360.3935
104364.7854
104369.1774
104373.5693
104377.9612
104382.3531
104386.745
104391.1369
104395.5288
104399.9207
104404.3126
104408.7045
104413.0964
104417.4884
104421.8803
104426.2722
104430.6641
104435.056
104439.4479
104443.8398
104448.2317
104452.6236
104457.0155
104461.4074
104465.7994
104470.1913
104474.5832
104478.9751
104483.367
104487.7589
104492.1508
104496.5427
104500.9346
104505.3265
104509.7184
104514.1104
104518.5023
104522.8942
104527.2861
104531.678
104536.0699
104540.4618
104544.8537
104549.2456
104553.6375
104558.0294
104562.4214
104566.8133
104571.2052
104575.5971
104579.989
104584.3809
104588.7728
104593.1647
104597.5566
104601.9485
104606.3404
104610.7323
104615.1243
104619.5162
104623.9081
104628.3
104632.6919
104637.0838
104641.4757
104645.8676
104650.2595
104654.6514
104659.0433
104663.4353
104667.8272
104672.2191
104676.611
104681.0029
104685.3948
104689.7867
104694.1786
104698.5705
104702.9624
104707.3543
104711.7463
104716.1382
104720.5301
104724.922
104729.3139
104733.7058
104738.0977
104742.4896
104746.8815
104751.2734
104755.6653
104760.0573
104764.4492
104768.8411
104773.233
104777.6249
104782.0168
104786.4087
104790.8006
104795.1925
104799.5844
104803.9763
104808.3683
104812.7602
104817.1521
104821.544
104825.9359
104830.3278
104834.7197
104839.1116
104843.5035
104847.8954
104852.2873
104856.6792
104861.0712
104865.4631
104869.855
104874.2469
104878.6388
104883.0307
104887.4226
104891.8145
104896.2064
104900.5983
104904.9902
104909.3822
104913.7741
104918.166
104922.5579
104926.9498
104931.3417
104935.7336
104940.1255
104944.5174
104948.9093
104953.3012
104957.6932
104962.0851
104966.477
104970.8689
104975.2608
104979.6527
104984.0446
104988.4365
104992.8284
104997.2203
105001.6122
105006.0042
105010.3961
105014.788
105019.1799
105023.5718
105027.9637
105032.3556
105036.7475
105041.1394
105045.5313
105049.9232
105054.3152
105058.7071
105063.099
105067.4909
105071.8828
105076.2747
105080.6666
105085.0585
105089.4504
105093.8423
105098.2342
105102.6262
105107.0181
105111.41
105115.8019
105120.1938
105124.5857
105128.9776
105133.3695
105137.7614
105142.1533
105146.5452
105150.9371
105155.3291
105159.721
105164.1129
105168.5048
105172.8967
105177.2886
105181.6805
105186.0724
105190.4643
105194.8562
105199.2481
105203.6401
105208.032
105212.4239
105216.8158
105221.2077
105225.5996
105229.9915
105234.3834
105238.7753
105243.1672
105247.5591
105251.9511
105256.343
105260.7349
105265.1268
105269.5187
105273.9106
105278.3025
105282.6944
105287.0863
105291.4782
105295.8701
105300.2621
105304.654
105309.0459
105313.4378
105317.8297
105322.2216
105326.6135
105331.0054
105335.3973
105339.7892
105344.1811
105348.5731
105352.965
105357.3569
105361.7488
105366.1407
105370.5326
105374.9245
105379.3164
105383.7083
105388.1002
105392.4921
105396.8841
105401.276
105405.6679
105410.0598
105414.4517
105418.8436
105423.2355
105427.6274
105432.0193
105436.4112
105440.8031
105445.195
105449.587
105453.9789
105458.3708
105462.7627
105467.1546
105471.5465
105475.9384
105480.3303
105484.7222
105489.1141
105493.506
105497.898
105502.2899
105506.6818
105511.0737
105515.4656
105519.8575
105524.2494
105528.6413
105533.0332
105537.4251
105541.817
105546.209
105550.6009
105554.9928
105559.3847
105563.7766
105568.1685
105572.5604
105576.9523
105581.3442
105585.7361
105590.128
105594.52
105598.9119
105603.3038
105607.6957
105612.0876
105616.4795
105620.8714
105625.2633
105629.6552
105634.0471
105638.439
105642.831
105647.2229
105651.6148
105656.0067
105660.3986
105664.7905
105669.1824
105673.5743
105677.9662
105682.3581
105686.75
105691.142
105695.5339
105699.9258
105704.3177
105708.7096
105713.1015
105717.4934
105721.8853
105726.2772
105730.6691
105735.061
105739.4529
105743.8449
105748.2368
105752.6287
105757.0206
105761.4125
105765.8044
105770.1963
105774.5882
105778.9801
105783.372
105787.7639
105792.1559
105796.5478
105800.9397
105805.3316
105809.7235
105814.1154
105818.5073
105822.8992
105827.2911
105831.683
105836.0749
105840.4669
105844.8588
105849.2507
105853.6426
105858.0345
105862.4264
105866.8183
105871.2102
105875.6021
105879.994
105884.3859
105888.7779
105893.1698
105897.5617
105901.9536
105906.3455
105910.7374
105915.1293
105919.5212
105923.9131
105928.305
105932.6969
105937.0889
105941.4808
105945.8727
105950.2646
105954.6565
105959.0484
105963.4403
105967.8322
105972.2241
105976.616
105981.0079
105985.3998
105989.7918
105994.1837
105998.5756
106002.9675
106007.3594
106011.7513
106016.1432
106020.5351
106024.927
106029.3189
106033.7108
106038.1028
106042.4947
106046.8866
106051.2785
106055.6704
106060.0623
106064.4542
106068.8461
106073.238
106077.6299
106082.0218
106086.4138
106090.8057
106095.1976
106099.5895
106103.9814
106108.3733
106112.7652
106117.1571
106121.549
106125.9409
106130.3328
106134.7248
106139.1167
106143.5086
106147.9005
106152.2924
106156.6843
106161.0762
106165.4681
106169.86
106174.2519
106178.6438
106183.0358
106187.4277
106191.8196
106196.2115
106200.6034
106204.9953
106209.3872
106213.7791
106218.171
106222.5629
106226.9548
106231.3468
106235.7387
106240.1306
106244.5225
106248.9144
106253.3063
106257.6982
106262.0901
106266.482
106270.8739
106275.2658
106279.6577
106284.0497
106288.4416
106292.8335
106297.2254
106301.6173
106306.0092
106310.4011
106314.793
106319.1849
106323.5768
106327.9687
106332.3607
106336.7526
106341.1445
106345.5364
106349.9283
106354.3202
106358.7121
106363.104
106367.4959
106371.8878
106376.2797
106380.6717
106385.0636
106389.4555
106393.8474
106398.2393
106402.6312
106407.0231
106411.415
106415.8069
106420.1988
106424.5907
106428.9827
106433.3746
106437.7665
106442.1584
106446.5503
106450.9422
106455.3341
106459.726
106464.1179
106468.5098
106472.9017
106477.2937
106481.6856
106486.0775
106490.4694
106494.8613
106499.2532
106503.6451
106508.037
106512.4289
106516.8208
106521.2127
106525.6047
106529.9966
106534.3885
106538.7804
106543.1723
106547.5642
106551.9561
106556.348
106560.7399
106565.1318
106569.5237
106573.9156
106578.3076
106582.6995
106587.0914
106591.4833
106595.8752
106600.2671
106604.659
106609.0509
106613.4428
106617.8347
106622.2266
106626.6186
106631.0105
106635.4024
106639.7943
106644.1862
106648.5781
106652.97
106657.3619
106661.7538
106666.1457
106670.5376
106674.9296
106679.3215
106683.7134
106688.1053
106692.4972
106696.8891
106701.281
106705.6729
106710.0648
106714.4567
106718.8486
106723.2406
106727.6325
106732.0244
106736.4163
106740.8082
106745.2001
106749.592
106753.9839
106758.3758
106762.7677
106767.1596
106771.5516
106775.9435
106780.3354
106784.7273
106789.1192
106793.5111
106797.903
106802.2949
106806.6868
106811.0787
106815.4706
106819.8626
106824.2545
106828.6464
106833.0383
106837.4302
106841.8221
106846.214
106850.6059
106854.9978
106859.3897
106863.7816
106868.1735
106872.5655
106876.9574
106881.3493
106885.7412
106890.1331
106894.525
106898.9169
106903.3088
106907.7007
106912.0926
106916.4845
106920.8765
106925.2684
106929.6603
106934.0522
106938.4441
106942.836
106947.2279
106951.6198
106956.0117
106960.4036
106964.7955
106969.1875
106973.5794
106977.9713
106982.3632
106986.7551
106991.147
106995.5389
106999.9308
107004.3227
107008.7146
107013.1065
107017.4985
107021.8904
107026.2823
107030.6742
107035.0661
107039.458
107043.8499
107048.2418
107052.6337
107057.0256
107061.4175
107065.8095
107070.2014
107074.5933
107078.9852
107083.3771
107087.769
107092.1609
107096.5528
107100.9447
107105.3366
107109.7285
107114.1204
107118.5124
107122.9043
107127.2962
107131.6881
107136.08
107140.4719
107144.8638
107149.2557
107153.6476
107158.0395
107162.4314
107166.8234
107171.2153
107175.6072
107179.9991
107184.391
107188.7829
107193.1748
107197.5667
107201.9586
107206.3505
107210.7424
107215.1344
107219.5263
107223.9182
107228.3101
107232.702
107237.0939
107241.4858
107245.8777
107250.2696
107254.6615
107259.0534
107263.4454
107267.8373
107272.2292
107276.6211
107281.013
107285.4049
107289.7968
107294.1887
107298.5806
107302.9725
107307.3644
107311.7564
107316.1483
107320.5402
107324.9321
107329.324
107333.7159
107338.1078
107342.4997
107346.8916
107351.2835
107355.6754
107360.0674
107364.4593
107368.8512
107373.2431
107377.635
107382.0269
107386.4188
107390.8107
107395.2026
107399.5945
107403.9864
107408.3783
107412.7703
107417.1622
107421.5541
107425.946
107430.3379
107434.7298
107439.1217
107443.5136
107447.9055
107452.2974
107456.6893
107461.0813
107465.4732
107469.8651
107474.257
107478.6489
107483.0408
107487.4327
107491.8246
107496.2165
107500.6084
107505.0003
107509.3923
107513.7842
107518.1761
107522.568
107526.9599
107531.3518
107535.7437
107540.1356
107544.5275
107548.9194
107553.3113
107557.7033
107562.0952
107566.4871
107570.879
107575.2709
107579.6628
107584.0547
107588.4466
107592.8385
107597.2304
107601.6223
107606.0143
107610.4062
107614.7981
107619.19
107623.5819
107627.9738
107632.3657
107636.7576
107641.1495
107645.5414
107649.9333
107654.3253
107658.7172
107663.1091
107667.501
107671.8929
107676.2848
107680.6767
107685.0686
107689.4605
107693.8524
107698.2443
107702.6362
107707.0282
107711.4201
107715.812
107720.2039
107724.5958
107728.9877
107733.3796
107737.7715
107742.1634
107746.5553
107750.9472
107755.3392
107759.7311
107764.123
107768.5149
107772.9068
107777.2987
107781.6906
107786.0825
107790.4744
107794.8663
107799.2582
107803.6502
107808.0421
107812.434
107816.8259
107821.2178
107825.6097
107830.0016
107834.3935
107838.7854
107843.1773
107847.5692
107851.9612
107856.3531
107860.745
107865.1369
107869.5288
107873.9207
107878.3126
107882.7045
107887.0964
107891.4883
107895.8802
107900.2722
107904.6641
107909.056
107913.4479
107917.8398
107922.2317
107926.6236
107931.0155
107935.4074
107939.7993
107944.1912
107948.5832
107952.9751
107957.367
107961.7589
107966.1508
107970.5427
107974.9346
107979.3265
107983.7184
107988.1103
107992.5022
107996.8941
108001.2861
108005.678
108010.0699
108014.4618
108018.8537
108023.2456
108027.6375
108032.0294
108036.4213
108040.8132
108045.2051
108049.5971
108053.989
108058.3809
108062.7728
108067.1647
108071.5566
108075.9485
108080.3404
108084.7323
108089.1242
108093.5161
108097.9081
108102.3
108106.6919
108111.0838
108115.4757
108119.8676
108124.2595
108128.6514
108133.0433
108137.4352
108141.8271
108146.2191
108150.611
108155.0029
108159.3948
108163.7867
108168.1786
108172.5705
108176.9624
108181.3543
108185.7462
108190.1381
108194.5301
108198.922
108203.3139
108207.7058
108212.0977
108216.4896
108220.8815
108225.2734
108229.6653
108234.0572
108238.4491
108242.841
108247.233
108251.6249
108256.0168
108260.4087
108264.8006
108269.1925
108273.5844
108277.9763
108282.3682
108286.7601
108291.152
108295.544
108299.9359
108304.3278
108308.7197
108313.1116
108317.5035
108321.8954
108326.2873
108330.6792
108335.0711
108339.463
108343.855
108348.2469
108352.6388
108357.0307
108361.4226
108365.8145
108370.2064
108374.5983
108378.9902
108383.3821
108387.774
108392.166
108396.5579
108400.9498
108405.3417
108409.7336
108414.1255
108418.5174
108422.9093
108427.3012
108431.6931
108436.085
108440.477
108444.8689
108449.2608
108453.6527
108458.0446
108462.4365
108466.8284
108471.2203
108475.6122
108480.0041
108484.396
108488.788
108493.1799
108497.5718
108501.9637
108506.3556
108510.7475
108515.1394
108519.5313
108523.9232
108528.3151
108532.707
108537.0989
108541.4909
108545.8828
108550.2747
108554.6666
108559.0585
108563.4504
108567.8423
108572.2342
108576.6261
108581.018
108585.4099
108589.8019
108594.1938
108598.5857
108602.9776
108607.3695
108611.7614
108616.1533
108620.5452
108624.9371
108629.329
108633.7209
108638.1129
108642.5048
108646.8967
108651.2886
108655.6805
108660.0724
108664.4643
108668.8562
108673.2481
108677.64
108682.0319
108686.4239
108690.8158
108695.2077
108699.5996
108703.9915
108708.3834
108712.7753
108717.1672
108721.5591
108725.951
108730.3429
108734.7349
108739.1268
108743.5187
108747.9106
108752.3025
108756.6944
108761.0863
108765.4782
108769.8701
108774.262
108778.6539
108783.0459
108787.4378
108791.8297
108796.2216
108800.6135
108805.0054
108809.3973
108813.7892
108818.1811
108822.573
108826.9649
108831.3568
108835.7488
108840.1407
108844.5326
108848.9245
108853.3164
108857.7083
108862.1002
108866.4921
108870.884
108875.2759
108879.6678
108884.0598
108888.4517
108892.8436
108897.2355
108901.6274
108906.0193
108910.4112
108914.8031
108919.195
108923.5869
108927.9788
108932.3708
108936.7627
108941.1546
108945.5465
108949.9384
108954.3303
108958.7222
108963.1141
108967.506
108971.8979
108976.2898
108980.6818
108985.0737
108989.4656
108993.8575
108998.2494
109002.6413
109007.0332
109011.4251
109015.817
109020.2089
109024.6008
109028.9928
109033.3847
109037.7766
109042.1685
109046.5604
109050.9523
109055.3442
109059.7361
109064.128
109068.5199
109072.9118
109077.3038
109081.6957
109086.0876
109090.4795
109094.8714
109099.2633
109103.6552
109108.0471
109112.439
109116.8309
109121.2228
109125.6147
109130.0067
109134.3986
109138.7905
109143.1824
109147.5743
109151.9662
109156.3581
109160.75
109165.1419
109169.5338
109173.9257
109178.3177
109182.7096
109187.1015
109191.4934
109195.8853
109200.2772
109204.6691
109209.061
109213.4529
109217.8448
109222.2367
109226.6287
109231.0206
109235.4125
109239.8044
109244.1963
109248.5882
109252.9801
109257.372
109261.7639
109266.1558
109270.5477
109274.9397
109279.3316
109283.7235
109288.1154
109292.5073
109296.8992
109301.2911
109305.683
109310.0749
109314.4668
109318.8587
109323.2507
109327.6426
109332.0345
109336.4264
109340.8183
109345.2102
109349.6021
109353.994
109358.3859
109362.7778
109367.1697
109371.5616
109375.9536
109380.3455
109384.7374
109389.1293
109393.5212
109397.9131
109402.305
109406.6969
109411.0888
109415.4807
109419.8726
109424.2646
109428.6565
109433.0484
109437.4403
109441.8322
109446.2241
109450.616
109455.0079
109459.3998
109463.7917
109468.1836
109472.5756
109476.9675
109481.3594
109485.7513
109490.1432
109494.5351
109498.927
109503.3189
109507.7108
109512.1027
109516.4946
109520.8866
109525.2785
109529.6704
109534.0623
109538.4542
109542.8461
109547.238
109551.6299
109556.0218
109560.4137
109564.8056
109569.1976
109573.5895
109577.9814
109582.3733
109586.7652
109591.1571
109595.549
109599.9409
109604.3328
109608.7247
109613.1166
109617.5086
109621.9005
109626.2924
109630.6843
109635.0762
109639.4681
109643.86
109648.2519
109652.6438
109657.0357
109661.4276
109665.8195
109670.2115
109674.6034
109678.9953
109683.3872
109687.7791
109692.171
109696.5629
109700.9548
109705.3467
109709.7386
109714.1305
109718.5225
109722.9144
109727.3063
109731.6982
109736.0901
109740.482
109744.8739
109749.2658
109753.6577
109758.0496
109762.4415
109766.8335
109771.2254
109775.6173
109780.0092
109784.4011
109788.793
109793.1849
109797.5768
109801.9687
109806.3606
109810.7525
109815.1445
109819.5364
109823.9283
109828.3202
109832.7121
109837.104
109841.4959
109845.8878
109850.2797
109854.6716
109859.0635
109863.4555
109867.8474
109872.2393
109876.6312
109881.0231
109885.415
109889.8069
109894.1988
109898.5907
109902.9826
109907.3745
109911.7665
109916.1584
109920.5503
109924.9422
109929.3341
109933.726
109938.1179
109942.5098
109946.9017
109951.2936
109955.6855
109960.0774
109964.4694
109968.8613
109973.2532
109977.6451
109982.037
109986.4289
109990.8208
109995.2127
109999.6046
110003.9965
110008.3884
110012.7804
110017.1723
110021.5642
110025.9561
110030.348
110034.7399
110039.1318
110043.5237
110047.9156
110052.3075
110056.6994
110061.0914
110065.4833
110069.8752
110074.2671
110078.659
110083.0509
110087.4428
110091.8347
110096.2266
110100.6185
110105.0104
110109.4024
110113.7943
110118.1862
110122.5781
110126.97
110131.3619
110135.7538
110140.1457
110144.5376
110148.9295
110153.3214
110157.7134
110162.1053
110166.4972
110170.8891
110175.281
110179.6729
110184.0648
110188.4567
110192.8486
110197.2405
110201.6324
110206.0243
110210.4163
110214.8082
110219.2001
110223.592
110227.9839
110232.3758
110236.7677
110241.1596
110245.5515
110249.9434
110254.3353
110258.7273
110263.1192
110267.5111
110271.903
110276.2949
110280.6868
110285.0787
110289.4706
110293.8625
110298.2544
110302.6463
110307.0383
110311.4302
110315.8221
110320.214
110324.6059
110328.9978
110333.3897
110337.7816
110342.1735
110346.5654
110350.9573
110355.3493
110359.7412
110364.1331
110368.525
110372.9169
110377.3088
110381.7007
110386.0926
110390.4845
110394.8764
110399.2683
110403.6603
110408.0522
110412.4441
110416.836
110421.2279
110425.6198
110430.0117
110434.4036
110438.7955
110443.1874
110447.5793
110451.9713
110456.3632
110460.7551
110465.147
110469.5389
110473.9308
110478.3227
110482.7146
110487.1065
110491.4984
110495.8903
110500.2822
110504.6742
110509.0661
110513.458
110517.8499
110522.2418
110526.6337
110531.0256
110535.4175
110539.8094
110544.2013
110548.5932
110552.9852
110557.3771
110561.769
110566.1609
110570.5528
110574.9447
110579.3366
110583.7285
110588.1204
110592.5123
110596.9042
110601.2962
110605.6881
110610.08
110614.4719
110618.8638
110623.2557
110627.6476
110632.0395
110636.4314
110640.8233
110645.2152
110649.6072
110653.9991
110658.391
110662.7829
110667.1748
110671.5667
110675.9586
110680.3505
110684.7424
110689.1343
110693.5262
110697.9182
110702.3101
110706.702
110711.0939
110715.4858
110719.8777
110724.2696
110728.6615
110733.0534
110737.4453
110741.8372
110746.2292
110750.6211
110755.013
110759.4049
110763.7968
110768.1887
110772.5806
110776.9725
110781.3644
110785.7563
110790.1482
110794.5401
110798.9321
110803.324
110807.7159
110812.1078
110816.4997
110820.8916
110825.2835
110829.6754
110834.0673
110838.4592
110842.8511
110847.2431
110851.635
110856.0269
110860.4188
110864.8107
110869.2026
110873.5945
110877.9864
110882.3783
110886.7702
110891.1621
110895.5541
110899.946
110904.3379
110908.7298
110913.1217
110917.5136
110921.9055
110926.2974
110930.6893
110935.0812
110939.4731
110943.8651
110948.257
110952.6489
110957.0408
110961.4327
110965.8246
110970.2165
110974.6084
110979.0003
110983.3922
110987.7841
110992.1761
110996.568
111000.9599
111005.3518
111009.7437
111014.1356
111018.5275
111022.9194
111027.3113
111031.7032
111036.0951
111040.4871
111044.879
111049.2709
111053.6628
111058.0547
111062.4466
111066.8385
111071.2304
111075.6223
111080.0142
111084.4061
111088.798
111093.19
111097.5819
111101.9738
111106.3657
111110.7576
111115.1495
111119.5414
111123.9333
111128.3252
111132.7171
111137.109
111141.501
111145.8929
111150.2848
111154.6767
111159.0686
111163.4605
111167.8524
111172.2443
111176.6362
111181.0281
111185.42
111189.812
111194.2039
111198.5958
111202.9877
111207.3796
111211.7715
111216.1634
111220.5553
111224.9472
111229.3391
111233.731
111238.123
111242.5149
111246.9068
111251.2987
111255.6906
111260.0825
111264.4744
111268.8663
111273.2582
111277.6501
111282.042
111286.434
111290.8259
111295.2178
111299.6097
111304.0016
111308.3935
111312.7854
111317.1773
111321.5692
111325.9611
111330.353
111334.7449
111339.1369
111343.5288
111347.9207
111352.3126
111356.7045
111361.0964
111365.4883
111369.8802
111374.2721
111378.664
111383.0559
111387.4479
111391.8398
111396.2317
111400.6236
111405.0155
111409.4074
111413.7993
111418.1912
111422.5831
111426.975
111431.3669
111435.7589
111440.1508
111444.5427
111448.9346
111453.3265
111457.7184
111462.1103
111466.5022
111470.8941
111475.286
111479.6779
111484.0699
111488.4618
111492.8537
111497.2456
111501.6375
111506.0294
111510.4213
111514.8132
111519.2051
111523.597
111527.9889
111532.3809
111536.7728
111541.1647
111545.5566
111549.9485
111554.3404
111558.7323
111563.1242
111567.5161
111571.908
111576.2999
111580.6919
111585.0838
111589.4757
111593.8676
111598.2595
111602.6514
111607.0433
111611.4352
111615.8271
111620.219
111624.6109
111629.0028
111633.3948
111637.7867
111642.1786
111646.5705
111650.9624
111655.3543
111659.7462
111664.1381
111668.53
111672.9219
111677.3138
111681.7058
111686.0977
111690.4896
111694.8815
111699.2734
111703.6653
111708.0572
111712.4491
111716.841
111721.2329
111725.6248
111730.0168
111734.4087
111738.8006
111743.1925
111747.5844
111751.9763
111756.3682
111760.7601
111765.152
111769.5439
111773.9358
111778.3278
111782.7197
111787.1116
111791.5035
111795.8954
111800.2873
111804.6792
111809.0711
111813.463
111817.8549
111822.2468
111826.6388
111831.0307
111835.4226
111839.8145
111844.2064
111848.5983
111852.9902
111857.3821
111861.774
111866.1659
111870.5578
111874.9498
111879.3417
111883.7336
111888.1255
111892.5174
111896.9093
111901.3012
111905.6931
111910.085
111914.4769
111918.8688
111923.2607
111927.6527
111932.0446
111936.4365
111940.8284
111945.2203
111949.6122
111954.0041
111958.396
111962.7879
111967.1798
111971.5717
111975.9637
111980.3556
111984.7475
111989.1394
111993.5313
111997.9232
112002.3151
112006.707
112011.0989
112015.4908
112019.8827
112024.2747
112028.6666
112033.0585
112037.4504
112041.8423
112046.2342
112050.6261
112055.018
112059.4099
112063.8018
112068.1937
112072.5857
112076.9776
112081.3695
112085.7614
112090.1533
112094.5452
112098.9371
112103.329
112107.7209
112112.1128
112116.5047
112120.8967
112125.2886
112129.6805
112134.0724
112138.4643
112142.8562
112147.2481
112151.64
112156.0319
112160.4238
112164.8157
112169.2077
112173.5996
112177.9915
112182.3834
112186.7753
112191.1672
112195.5591
112199.951
112204.3429
112208.7348
112213.1267
112217.5186
112221.9106
112226.3025
112230.6944
112235.0863
112239.4782
112243.8701
112248.262
112252.6539
112257.0458
112261.4377
112265.8296
112270.2216
112274.6135
112279.0054
112283.3973
112287.7892
112292.1811
112296.573
112300.9649
112305.3568
112309.7487
112314.1406
112318.5326
112322.9245
112327.3164
112331.7083
112336.1002
112340.4921
112344.884
112349.2759
112353.6678
112358.0597
112362.4516
112366.8436
112371.2355
112375.6274
112380.0193
112384.4112
112388.8031
112393.195
112397.5869
112401.9788
112406.3707
112410.7626
112415.1546
112419.5465
112423.9384
112428.3303
112432.7222
112437.1141
112441.506
112445.8979
112450.2898
112454.6817
112459.0736
112463.4655
112467.8575
112472.2494
112476.6413
112481.0332
112485.4251
112489.817
112494.2089
112498.6008
112502.9927
112507.3846
112511.7765
112516.1685
112520.5604
112524.9523
112529.3442
112533.7361
112538.128
112542.5199
112546.9118
112551.3037
112555.6956
112560.0875
112564.4795
112568.8714
112573.2633
112577.6552
112582.0471
112586.439
112590.8309
112595.2228
112599.6147
112604.0066
112608.3985
112612.7905
112617.1824
112621.5743
112625.9662
112630.3581
112634.75
112639.1419
112643.5338
112647.9257
112652.3176
112656.7095
112661.1015
112665.4934
112669.8853
112674.2772
112678.6691
112683.061
112687.4529
112691.8448
112696.2367
112700.6286
112705.0205
112709.4125
112713.8044
112718.1963
112722.5882
112726.9801
112731.372
112735.7639
112740.1558
112744.5477
112748.9396
112753.3315
112757.7234
112762.1154
112766.5073
112770.8992
112775.2911
112779.683
112784.0749
112788.4668
112792.8587
112797.2506
112801.6425
112806.0344
112810.4264
112814.8183
112819.2102
112823.6021
112827.994
112832.3859
112836.7778
112841.1697
112845.5616
112849.9535
112854.3454
112858.7374
112863.1293
112867.5212
112871.9131
112876.305
112880.6969
112885.0888
112889.4807
112893.8726
112898.2645
112902.6564
112907.0484
112911.4403
112915.8322
112920.2241
112924.616
112929.0079
112933.3998
112937.7917
112942.1836
112946.5755
112950.9674
112955.3594
112959.7513
112964.1432
112968.5351
112972.927
112977.3189
112981.7108
112986.1027
112990.4946
112994.8865
112999.2784
113003.6704
113008.0623
113012.4542
113016.8461
113021.238
113025.6299
113030.0218
113034.4137
113038.8056
113043.1975
113047.5894
113051.9813
113056.3733
113060.7652
113065.1571
113069.549
113073.9409
113078.3328
113082.7247
113087.1166
113091.5085
113095.9004
113100.2923
113104.6843
113109.0762
113113.4681
113117.86
113122.2519
113126.6438
113131.0357
113135.4276
113139.8195
113144.2114
113148.6033
113152.9953
113157.3872
113161.7791
113166.171
113170.5629
113174.9548
113179.3467
113183.7386
113188.1305
113192.5224
113196.9143
113201.3063
113205.6982
113210.0901
113214.482
113218.8739
113223.2658
113227.6577
113232.0496
113236.4415
113240.8334
113245.2253
113249.6173
113254.0092
113258.4011
113262.793
113267.1849
113271.5768
113275.9687
113280.3606
113284.7525
113289.1444
113293.5363
113297.9283
113302.3202
113306.7121
113311.104
113315.4959
113319.8878
113324.2797
113328.6716
113333.0635
113337.4554
113341.8473
113346.2392
113350.6312
113355.0231
113359.415
113363.8069
113368.1988
113372.5907
113376.9826
113381.3745
113385.7664
113390.1583
113394.5502
113398.9422
113403.3341
113407.726
113412.1179
113416.5098
113420.9017
113425.2936
113429.6855
113434.0774
113438.4693
113442.8612
113447.2532
113451.6451
113456.037
113460.4289
113464.8208
113469.2127
113473.6046
113477.9965
113482.3884
113486.7803
113491.1722
113495.5642
113499.9561
113504.348
113508.7399
113513.1318
113517.5237
113521.9156
113526.3075
113530.6994
113535.0913
113539.4832
113543.8752
113548.2671
113552.659
113557.0509
113561.4428
113565.8347
113570.2266
113574.6185
113579.0104
113583.4023
113587.7942
113592.1861
113596.5781
113600.97
113605.3619
113609.7538
113614.1457
113618.5376
113622.9295
113627.3214
113631.7133
113636.1052
113640.4971
113644.8891
113649.281
113653.6729
113658.0648
113662.4567
113666.8486
113671.2405
113675.6324
113680.0243
113684.4162
113688.8081
113693.2001
113697.592
113701.9839
113706.3758
113710.7677
113715.1596
113719.5515
113723.9434
113728.3353
113732.7272
113737.1191
113741.5111
113745.903
113750.2949
113754.6868
113759.0787
113763.4706
113767.8625
113772.2544
113776.6463
113781.0382
113785.4301
113789.8221
113794.214
113798.6059
113802.9978
113807.3897
113811.7816
113816.1735
113820.5654
113824.9573
113829.3492
113833.7411
113838.1331
113842.525
113846.9169
113851.3088
113855.7007
113860.0926
113864.4845
113868.8764
113873.2683
113877.6602
113882.0521
113886.444
113890.836
113895.2279
113899.6198
113904.0117
113908.4036
113912.7955
113917.1874
113921.5793
113925.9712
113930.3631
113934.755
113939.147
113943.5389
113947.9308
113952.3227
113956.7146
113961.1065
113965.4984
113969.8903
113974.2822
113978.6741
113983.066
113987.458
113991.8499
113996.2418
114000.6337
114005.0256
114009.4175
114013.8094
114018.2013
114022.5932
114026.9851
114031.377
114035.769
114040.1609
114044.5528
114048.9447
114053.3366
114057.7285
114062.1204
114066.5123
114070.9042
114075.2961
114079.688
114084.08
114088.4719
114092.8638
114097.2557
114101.6476
114106.0395
114110.4314
114114.8233
114119.2152
114123.6071
114127.999
114132.391
114136.7829
114141.1748
114145.5667
114149.9586
114154.3505
114158.7424
114163.1343
114167.5262
114171.9181
114176.31
114180.7019
114185.0939
114189.4858
114193.8777
114198.2696
114202.6615
114207.0534
114211.4453
114215.8372
114220.2291
114224.621
114229.0129
114233.4049
114237.7968
114242.1887
114246.5806
114250.9725
114255.3644
114259.7563
114264.1482
114268.5401
114272.932
114277.3239
114281.7159
114286.1078
114290.4997
114294.8916
114299.2835
114303.6754
114308.0673
114312.4592
114316.8511
114321.243
114325.6349
114330.0269
114334.4188
114338.8107
114343.2026
114347.5945
114351.9864
114356.3783
114360.7702
114365.1621
114369.554
114373.9459
114378.3379
114382.7298
114387.1217
114391.5136
114395.9055
114400.2974
114404.6893
114409.0812
114413.4731
114417.865
114422.2569
114426.6488
114431.0408
114435.4327
114439.8246
114444.2165
114448.6084
114453.0003
114457.3922
114461.7841
114466.176
114470.5679
114474.9598
114479.3518
114483.7437
114488.1356
114492.5275
114496.9194
114501.3113
114505.7032
114510.0951
114514.487
114518.8789
114523.2708
114527.6628
114532.0547
114536.4466
114540.8385
114545.2304
114549.6223
114554.0142
114558.4061
114562.798
114567.1899
114571.5818
114575.9738
114580.3657
114584.7576
114589.1495
114593.5414
114597.9333
114602.3252
114606.7171
114611.109
114615.5009
114619.8928
114624.2848
114628.6767
114633.0686
114637.4605
114641.8524
114646.2443
114650.6362
114655.0281
114659.42
114663.8119
114668.2038
114672.5958
114676.9877
114681.3796
114685.7715
114690.1634
114694.5553
114698.9472
114703.3391
114707.731
114712.1229
114716.5148
114720.9067
114725.2987
114729.6906
114734.0825
114738.4744
114742.8663
114747.2582
114751.6501
114756.042
114760.4339
114764.8258
114769.2177
114773.6097
114778.0016
114782.3935
114786.7854
114791.1773
114795.5692
114799.9611
114804.353
114808.7449
114813.1368
114817.5287
114821.9207
114826.3126
114830.7045
114835.0964
114839.4883
114843.8802
114848.2721
114852.664
114857.0559
114861.4478
114865.8397
114870.2317
114874.6236
114879.0155
114883.4074
114887.7993
114892.1912
114896.5831
114900.975
114905.3669
114909.7588
114914.1507
114918.5427
114922.9346
114927.3265
114931.7184
114936.1103
114940.5022
114944.8941
114949.286
114953.6779
114958.0698
114962.4617
114966.8537
114971.2456
114975.6375
114980.0294
114984.4213
114988.8132
114993.2051
114997.597
115001.9889
115006.3808
115010.7727
115015.1646
115019.5566
115023.9485
115028.3404
115032.7323
115037.1242
115041.5161
115045.908
115050.2999
115054.6918
115059.0837
115063.4756
115067.8676
115072.2595
115076.6514
115081.0433
115085.4352
115089.8271
115094.219
115098.6109
115103.0028
115107.3947
115111.7866
115116.1786
115120.5705
115124.9624
115129.3543
115133.7462
115138.1381
115142.53
115146.9219
115151.3138
115155.7057
115160.0976
115164.4896
115168.8815
115173.2734
115177.6653
115182.0572
115186.4491
115190.841
115195.2329
115199.6248
115204.0167
115208.4086
115212.8006
115217.1925
115221.5844
115225.9763
115230.3682
115234.7601
115239.152
115243.5439
115247.9358
115252.3277
115256.7196
115261.1116
115265.5035
115269.8954
115274.2873
115278.6792
115283.0711
115287.463
115291.8549
115296.2468
115300.6387
115305.0306
115309.4225
115313.8145
115318.2064
115322.5983
115326.9902
115331.3821
115335.774
115340.1659
115344.5578
115348.9497
115353.3416
115357.7335
115362.1255
115366.5174
115370.9093
115375.3012
115379.6931
115384.085
115388.4769
115392.8688
115397.2607
115401.6526
115406.0445
115410.4365
115414.8284
115419.2203
115423.6122
115428.0041
115432.396
115436.7879
115441.1798
115445.5717
115449.9636
115454.3555
115458.7475
115463.1394
115467.5313
115471.9232
115476.3151
115480.707
115485.0989
115489.4908
115493.8827
115498.2746
115502.6665
115507.0585
115511.4504
115515.8423
115520.2342
115524.6261
115529.018
115533.4099
115537.8018
115542.1937
115546.5856
115550.9775
115555.3694
115559.7614
115564.1533
115568.5452
115572.9371
115577.329
115581.7209
115586.1128
115590.5047
115594.8966
115599.2885
115603.6804
115608.0724
115612.4643
115616.8562
115621.2481
115625.64
115630.0319
115634.4238
115638.8157
115643.2076
115647.5995
115651.9914
115656.3834
115660.7753
115665.1672
115669.5591
115673.951
115678.3429
115682.7348
115687.1267
115691.5186
115695.9105
115700.3024
115704.6944
115709.0863
115713.4782
115717.8701
115722.262
115726.6539
115731.0458
115735.4377
115739.8296
115744.2215
115748.6134
115753.0054
115757.3973
115761.7892
115766.1811
115770.573
115774.9649
115779.3568
115783.7487
115788.1406
115792.5325
115796.9244
115801.3164
115805.7083
115810.1002
115814.4921
115818.884
115823.2759
115827.6678
115832.0597
115836.4516
115840.8435
115845.2354
115849.6273
115854.0193
115858.4112
115862.8031
115867.195
115871.5869
115875.9788
115880.3707
115884.7626
115889.1545
115893.5464
115897.9383
115902.3303
115906.7222
115911.1141
115915.506
115919.8979
115924.2898
115928.6817
115933.0736
115937.4655
115941.8574
115946.2493
115950.6413
115955.0332
115959.4251
115963.817
115968.2089
115972.6008
115976.9927
115981.3846
115985.7765
115990.1684
115994.5603
115998.9523
116003.3442
116007.7361
116012.128
116016.5199
116020.9118
116025.3037
116029.6956
116034.0875
116038.4794
116042.8713
116047.2633
116051.6552
116056.0471
116060.439
116064.8309
116069.2228
116073.6147
116078.0066
116082.3985
116086.7904
116091.1823
116095.5743
116099.9662
116104.3581
116108.75
116113.1419
116117.5338
116121.9257
116126.3176
116130.7095
116135.1014
116139.4933
116143.8852
116148.2772
116152.6691
116157.061
116161.4529
116165.8448
116170.2367
116174.6286
116179.0205
116183.4124
116187.8043
116192.1962
116196.5882
116200.9801
116205.372
116209.7639
116214.1558
116218.5477
116222.9396
116227.3315
116231.7234
116236.1153
116240.5072
116244.8992
116249.2911
116253.683
116258.0749
116262.4668
116266.8587
116271.2506
116275.6425
116280.0344
116284.4263
116288.8182
116293.2102
116297.6021
116301.994
116306.3859
116310.7778
116315.1697
116319.5616
116323.9535
116328.3454
116332.7373
116337.1292
116341.5212
116345.9131
116350.305
116354.6969
116359.0888
116363.4807
116367.8726
116372.2645
116376.6564
116381.0483
116385.4402
116389.8322
116394.2241
116398.616
116403.0079
116407.3998
116411.7917
116416.1836
116420.5755
116424.9674
116429.3593
116433.7512
116438.1431
116442.5351
116446.927
116451.3189
116455.7108
116460.1027
116464.4946
116468.8865
116473.2784
116477.6703
116482.0622
116486.4541
116490.8461
116495.238
116499.6299
116504.0218
116508.4137
116512.8056
116517.1975
116521.5894
116525.9813
116530.3732
116534.7651
116539.1571
116543.549
116547.9409
116552.3328
116556.7247
116561.1166
116565.5085
116569.9004
116574.2923
116578.6842
116583.0761
116587.4681
116591.86
116596.2519
116600.6438
116605.0357
116609.4276
116613.8195
116618.2114
116622.6033
116626.9952
116631.3871
116635.7791
116640.171
116644.5629
116648.9548
116653.3467
116657.7386
116662.1305
116666.5224
116670.9143
116675.3062
116679.6981
116684.09
116688.482
116692.8739
116697.2658
116701.6577
116706.0496
116710.4415
116714.8334
116719.2253
116723.6172
116728.0091
116732.401
116736.793
116741.1849
116745.5768
116749.9687
116754.3606
116758.7525
116763.1444
116767.5363
116771.9282
116776.3201
116780.712
116785.104
116789.4959
116793.8878
116798.2797
116802.6716
116807.0635
116811.4554
116815.8473
116820.2392
116824.6311
116829.023
116833.415
116837.8069
116842.1988
116846.5907
116850.9826
116855.3745
116859.7664
116864.1583
116868.5502
116872.9421
116877.334
116881.726
116886.1179
116890.5098
116894.9017
116899.2936
116903.6855
116908.0774
116912.4693
116916.8612
116921.2531
116925.645
116930.037
116934.4289
116938.8208
116943.2127
116947.6046
116951.9965
116956.3884
116960.7803
116965.1722
116969.5641
116973.956
116978.3479
116982.7399
116987.1318
116991.5237
116995.9156
117000.3075
117004.6994
117009.0913
117013.4832
117017.8751
117022.267
117026.6589
117031.0509
117035.4428
117039.8347
117044.2266
117048.6185
117053.0104
117057.4023
117061.7942
117066.1861
117070.578
117074.9699
117079.3619
117083.7538
117088.1457
117092.5376
117096.9295
117101.3214
117105.7133
117110.1052
117114.4971
117118.889
117123.2809
117127.6729
117132.0648
117136.4567
117140.8486
117145.2405
117149.6324
117154.0243
117158.4162
117162.8081
117167.2
117171.5919
117175.9839
117180.3758
117184.7677
117189.1596
117193.5515
117197.9434
117202.3353
117206.7272
117211.1191
117215.511
117219.9029
117224.2949
117228.6868
117233.0787
117237.4706
117241.8625
117246.2544
117250.6463
117255.0382
117259.4301
117263.822
117268.2139
117272.6058
117276.9978
117281.3897
117285.7816
117290.1735
117294.5654
117298.9573
117303.3492
117307.7411
117312.133
117316.5249
117320.9168
117325.3088
117329.7007
117334.0926
117338.4845
117342.8764
117347.2683
117351.6602
117356.0521
117360.444
117364.8359
117369.2278
117373.6198
117378.0117
117382.4036
117386.7955
117391.1874
117395.5793
117399.9712
117404.3631
117408.755
117413.1469
117417.5388
117421.9308
117426.3227
117430.7146
117435.1065
117439.4984
117443.8903
117448.2822
117452.6741
117457.066
117461.4579
117465.8498
117470.2418
117474.6337
117479.0256
117483.4175
117487.8094
117492.2013
117496.5932
117500.9851
117505.377
117509.7689
117514.1608
117518.5528
117522.9447
117527.3366
117531.7285
117536.1204
117540.5123
117544.9042
117549.2961
117553.688
117558.0799
117562.4718
117566.8637
117571.2557
117575.6476
117580.0395
117584.4314
117588.8233
117593.2152
117597.6071
117601.999
117606.3909
117610.7828
117615.1747
117619.5667
117623.9586
117628.3505
117632.7424
117637.1343
117641.5262
117645.9181
117650.31
117654.7019
117659.0938
117663.4857
117667.8777
117672.2696
117676.6615
117681.0534
117685.4453
117689.8372
117694.2291
117698.621
117703.0129
117707.4048
117711.7967
117716.1887
117720.5806
117724.9725
117729.3644
117733.7563
117738.1482
117742.5401
117746.932
117751.3239
117755.7158
117760.1077
117764.4997
117768.8916
117773.2835
117777.6754
117782.0673
117786.4592
117790.8511
117795.243
117799.6349
117804.0268
117808.4187
117812.8106
117817.2026
117821.5945
117825.9864
117830.3783
117834.7702
117839.1621
117843.554
117847.9459
117852.3378
117856.7297
117861.1216
117865.5136
117869.9055
117874.2974
117878.6893
117883.0812
117887.4731
117891.865
117896.2569
117900.6488
117905.0407
117909.4326
117913.8246
117918.2165
117922.6084
117927.0003
117931.3922
117935.7841
117940.176
117944.5679
117948.9598
117953.3517
117957.7436
117962.1356
117966.5275
117970.9194
117975.3113
117979.7032
117984.0951
117988.487
117992.8789
117997.2708
118001.6627
118006.0546
118010.4466
118014.8385
118019.2304
118023.6223
118028.0142
118032.4061
118036.798
118041.1899
118045.5818
118049.9737
118054.3656
118058.7576
118063.1495
118067.5414
118071.9333
118076.3252
118080.7171
118085.109
118089.5009
118093.8928
118098.2847
118102.6766
118107.0685
118111.4605
118115.8524
118120.2443
118124.6362
118129.0281
118133.42
118137.8119
118142.2038
118146.5957
118150.9876
118155.3795
118159.7715
118164.1634
118168.5553
118172.9472
118177.3391
118181.731
118186.1229
118190.5148
118194.9067
118199.2986
118203.6905
118208.0825
118212.4744
118216.8663
118221.2582
118225.6501
118230.042
118234.4339
118238.8258
118243.2177
118247.6096
118252.0015
118256.3935
118260.7854
118265.1773
118269.5692
118273.9611
118278.353
118282.7449
118287.1368
118291.5287
118295.9206
118300.3125
118304.7045
118309.0964
118313.4883
118317.8802
118322.2721
118326.664
118331.0559
118335.4478
118339.8397
118344.2316
118348.6235
118353.0155
118357.4074
118361.7993
118366.1912
118370.5831
118374.975
118379.3669
118383.7588
118388.1507
118392.5426
118396.9345
118401.3264
118405.7184
118410.1103
118414.5022
118418.8941
118423.286
118427.6779
118432.0698
118436.4617
118440.8536
118445.2455
118449.6374
118454.0294
118458.4213
118462.8132
118467.2051
118471.597
118475.9889
118480.3808
118484.7727
118489.1646
118493.5565
118497.9484
118502.3404
118506.7323
118511.1242
118515.5161
118519.908
118524.2999
118528.6918
118533.0837
118537.4756
118541.8675
118546.2594
118550.6514
118555.0433
118559.4352
118563.8271
118568.219
118572.6109
118577.0028
118581.3947
118585.7866
118590.1785
118594.5704
118598.9624
118603.3543
118607.7462
118612.1381
118616.53
118620.9219
118625.3138
118629.7057
118634.0976
118638.4895
118642.8814
118647.2733
118651.6653
118656.0572
118660.4491
118664.841
118669.2329
118673.6248
118678.0167
118682.4086
118686.8005
118691.1924
118695.5843
118699.9763
118704.3682
118708.7601
118713.152
118717.5439
118721.9358
118726.3277
118730.7196
118735.1115
118739.5034
118743.8953
118748.2873
118752.6792
118757.0711
118761.463
118765.8549
118770.2468
118774.6387
118779.0306
118783.4225
118787.8144
118792.2063
118796.5983
118800.9902
118805.3821
118809.774
118814.1659
118818.5578
118822.9497
118827.3416
118831.7335
118836.1254
118840.5173
118844.9093
118849.3012
118853.6931
118858.085
118862.4769
118866.8688
118871.2607
118875.6526
118880.0445
118884.4364
118888.8283
118893.2203
118897.6122
118902.0041
118906.396
118910.7879
118915.1798
118919.5717
118923.9636
118928.3555
118932.7474
118937.1393
118941.5312
118945.9232
118950.3151
118954.707
118959.0989
118963.4908
118967.8827
118972.2746
118976.6665
118981.0584
118985.4503
118989.8422
118994.2342
118998.6261
119003.018
119007.4099
119011.8018
119016.1937
119020.5856
119024.9775
119029.3694
119033.7613
119038.1532
119042.5452
119046.9371
119051.329
119055.7209
119060.1128
119064.5047
119068.8966
119073.2885
119077.6804
119082.0723
119086.4642
119090.8562
119095.2481
119099.64
119104.0319
119108.4238
119112.8157
119117.2076
119121.5995
119125.9914
119130.3833
119134.7752
119139.1672
119143.5591
119147.951
119152.3429
119156.7348
119161.1267
119165.5186
119169.9105
119174.3024
119178.6943
119183.0862
119187.4782
119191.8701
119196.262
119200.6539
119205.0458
119209.4377
119213.8296
119218.2215
119222.6134
119227.0053
119231.3972
119235.7891
119240.1811
119244.573
119248.9649
119253.3568
119257.7487
119262.1406
119266.5325
119270.9244
119275.3163
119279.7082
119284.1001
119288.4921
119292.884
119297.2759
119301.6678
119306.0597
119310.4516
119314.8435
119319.2354
119323.6273
119328.0192
119332.4111
119336.8031
119341.195
119345.5869
119349.9788
119354.3707
119358.7626
119363.1545
119367.5464
119371.9383
119376.3302
119380.7221
119385.1141
119389.506
119393.8979
119398.2898
119402.6817
119407.0736
119411.4655
119415.8574
119420.2493
119424.6412
119429.0331
119433.4251
119437.817
119442.2089
119446.6008
119450.9927
119455.3846
119459.7765
119464.1684
119468.5603
119472.9522
119477.3441
119481.7361
119486.128
119490.5199
119494.9118
119499.3037
119503.6956
119508.0875
119512.4794
119516.8713
119521.2632
119525.6551
119530.047
119534.439
119538.8309
119543.2228
119547.6147
119552.0066
119556.3985
119560.7904
119565.1823
119569.5742
119573.9661
119578.358
119582.75
119587.1419
119591.5338
119595.9257
119600.3176
119604.7095
119609.1014
119613.4933
119617.8852
119622.2771
119626.669
119631.061
119635.4529
119639.8448
119644.2367
119648.6286
119653.0205
119657.4124
119661.8043
119666.1962
119670.5881
119674.98
119679.372
119683.7639
119688.1558
119692.5477
119696.9396
119701.3315
119705.7234
119710.1153
119714.5072
119718.8991
119723.291
119727.683
119732.0749
119736.4668
119740.8587
119745.2506
119749.6425
119754.0344
119758.4263
119762.8182
119767.2101
119771.602
119775.9939
119780.3859
119784.7778
119789.1697
119793.5616
119797.9535
119802.3454
119806.7373
119811.1292
119815.5211
119819.913
119824.3049
119828.6969
119833.0888
119837.4807
119841.8726
119846.2645
119850.6564
119855.0483
119859.4402
119863.8321
119868.224
119872.6159
119877.0079
119881.3998
119885.7917
119890.1836
119894.5755
119898.9674
119903.3593
119907.7512
119912.1431
119916.535
119920.9269
119925.3189
119929.7108
119934.1027
119938.4946
119942.8865
119947.2784
119951.6703
119956.0622
119960.4541
119964.846
119969.2379
119973.6299
119978.0218
119982.4137
119986.8056
119991.1975
119995.5894
119999.9813
120004.3732
120008.7651
120013.157
120017.5489
120021.9409
120026.3328
120030.7247
120035.1166
120039.5085
120043.9004
120048.2923
120052.6842
120057.0761
120061.468
120065.8599
120070.2518
120074.6438
120079.0357
120083.4276
120087.8195
120092.2114
120096.6033
120100.9952
120105.3871
120109.779
120114.1709
120118.5628
120122.9548
120127.3467
120131.7386
120136.1305
120140.5224
120144.9143
120149.3062
120153.6981
120158.09
120162.4819
120166.8738
120171.2658
120175.6577
120180.0496
120184.4415
120188.8334
120193.2253
120197.6172
120202.0091
120206.401
120210.7929
120215.1848
120219.5768
120223.9687
120228.3606
120232.7525
120237.1444
120241.5363
120245.9282
120250.3201
120254.712
120259.1039
120263.4958
120267.8878
120272.2797
120276.6716
120281.0635
120285.4554
120289.8473
120294.2392
120298.6311
120303.023
120307.4149
120311.8068
120316.1988
120320.5907
120324.9826
120329.3745
120333.7664
120338.1583
120342.5502
120346.9421
120351.334
120355.7259
120360.1178
120364.5097
120368.9017
120373.2936
120377.6855
120382.0774
120386.4693
120390.8612
120395.2531
120399.645
120404.0369
120408.4288
120412.8207
120417.2127
120421.6046
120425.9965
120430.3884
120434.7803
120439.1722
120443.5641
120447.956
120452.3479
120456.7398
120461.1317
120465.5237
120469.9156
120474.3075
120478.6994
120483.0913
120487.4832
120491.8751
120496.267
120500.6589
120505.0508
120509.4427
120513.8347
120518.2266
120522.6185
120527.0104
120531.4023
120535.7942
120540.1861
120544.578
120548.9699
120553.3618
120557.7537
120562.1457
120566.5376
120570.9295
120575.3214
120579.7133
120584.1052
120588.4971
120592.889
120597.2809
120601.6728
120606.0647
120610.4567
120614.8486
120619.2405
120623.6324
120628.0243
120632.4162
120636.8081
120641.2
120645.5919
120649.9838
120654.3757
120658.7676
120663.1596
120667.5515
120671.9434
120676.3353
120680.7272
120685.1191
120689.511
120693.9029
120698.2948
120702.6867
120707.0786
120711.4706
120715.8625
120720.2544
120724.6463
120729.0382
120733.4301
120737.822
120742.2139
120746.6058
120750.9977
120755.3896
120759.7816
120764.1735
120768.5654
120772.9573
120777.3492
120781.7411
120786.133
120790.5249
120794.9168
120799.3087
120803.7006
120808.0926
120812.4845
120816.8764
120821.2683
120825.6602
120830.0521
120834.444
120838.8359
120843.2278
120847.6197
120852.0116
120856.4036
120860.7955
120865.1874
120869.5793
120873.9712
120878.3631
120882.755
120887.1469
120891.5388
120895.9307
120900.3226
120904.7145
120909.1065
120913.4984
120917.8903
120922.2822
120926.6741
120931.066
120935.4579
120939.8498
120944.2417
120948.6336
120953.0255
120957.4175
120961.8094
120966.2013
120970.5932
120974.9851
120979.377
120983.7689
120988.1608
120992.5527
120996.9446
121001.3365
121005.7285
121010.1204
121014.5123
121018.9042
121023.2961
121027.688
121032.0799
121036.4718
121040.8637
121045.2556
121049.6475
121054.0395
121058.4314
121062.8233
121067.2152
121071.6071
121075.999
121080.3909
121084.7828
121089.1747
121093.5666
121097.9585
121102.3505
121106.7424
121111.1343
121115.5262
121119.9181
121124.31
121128.7019
121133.0938
121137.4857
121141.8776
121146.2695
121150.6615
121155.0534
121159.4453
121163.8372
121168.2291
121172.621
121177.0129
121181.4048
121185.7967
121190.1886
121194.5805
121198.9724
121203.3644
121207.7563
121212.1482
121216.5401
121220.932
121225.3239
121229.7158
121234.1077
121238.4996
121242.8915
121247.2834
121251.6754
121256.0673
121260.4592
121264.8511
121269.243
121273.6349
121278.0268
121282.4187
121286.8106
121291.2025
121295.5944
121299.9864
121304.3783
121308.7702
121313.1621
121317.554
121321.9459
121326.3378
121330.7297
121335.1216
121339.5135
121343.9054
121348.2974
121352.6893
121357.0812
121361.4731
121365.865
121370.2569
121374.6488
121379.0407
121383.4326
121387.8245
121392.2164
121396.6084
121401.0003
121405.3922
121409.7841
121414.176
121418.5679
121422.9598
121427.3517
121431.7436
121436.1355
121440.5274
121444.9194
121449.3113
121453.7032
121458.0951
121462.487
121466.8789
121471.2708
121475.6627
121480.0546
121484.4465
121488.8384
121493.2303
121497.6223
121502.0142
121506.4061
121510.798
121515.1899
121519.5818
121523.9737
121528.3656
121532.7575
121537.1494
121541.5413
121545.9333
121550.3252
121554.7171
121559.109
121563.5009
121567.8928
121572.2847
121576.6766
121581.0685
121585.4604
121589.8523
121594.2443
121598.6362
121603.0281
121607.42
121611.8119
121616.2038
121620.5957
121624.9876
121629.3795
121633.7714
121638.1633
121642.5553
121646.9472
121651.3391
121655.731
121660.1229
121664.5148
121668.9067
121673.2986
121677.6905
121682.0824
121686.4743
121690.8663
121695.2582
121699.6501
121704.042
121708.4339
121712.8258
121717.2177
121721.6096
121726.0015
121730.3934
121734.7853
121739.1773
121743.5692
121747.9611
121752.353
121756.7449
121761.1368
121765.5287
121769.9206
121774.3125
121778.7044
121783.0963
121787.4882
121791.8802
121796.2721
121800.664
121805.0559
121809.4478
121813.8397
121818.2316
121822.6235
121827.0154
121831.4073
121835.7992
121840.1912
121844.5831
121848.975
121853.3669
121857.7588
121862.1507
121866.5426
121870.9345
121875.3264
121879.7183
121884.1102
121888.5022
121892.8941
121897.286
121901.6779
121906.0698
121910.4617
121914.8536
121919.2455
121923.6374
121928.0293
121932.4212
121936.8132
121941.2051
121945.597
121949.9889
121954.3808
121958.7727
121963.1646
121967.5565
121971.9484
121976.3403
121980.7322
121985.1242
121989.5161
121993.908
121998.2999
122002.6918
122007.0837
122011.4756
122015.8675
122020.2594
122024.6513
122029.0432
122033.4351
122037.8271
122042.219
122046.6109
122051.0028
122055.3947
122059.7866
122064.1785
122068.5704
122072.9623
122077.3542
122081.7461
122086.1381
122090.53
122094.9219
122099.3138
122103.7057
122108.0976
122112.4895
122116.8814
122121.2733
122125.6652
122130.0571
122134.4491
122138.841
122143.2329
122147.6248
122152.0167
122156.4086
122160.8005
122165.1924
122169.5843
122173.9762
122178.3681
122182.7601
122187.152
122191.5439
122195.9358
122200.3277
122204.7196
122209.1115
122213.5034
122217.8953
122222.2872
122226.6791
122231.0711
122235.463
122239.8549
122244.2468
122248.6387
122253.0306
122257.4225
122261.8144
122266.2063
122270.5982
122274.9901
122279.3821
122283.774
122288.1659
122292.5578
122296.9497
122301.3416
122305.7335
122310.1254
122314.5173
122318.9092
122323.3011
122327.693
122332.085
122336.4769
122340.8688
122345.2607
122349.6526
122354.0445
122358.4364
122362.8283
122367.2202
122371.6121
122376.004
122380.396
122384.7879
122389.1798
122393.5717
122397.9636
122402.3555
122406.7474
122411.1393
122415.5312
122419.9231
122424.315
122428.707
122433.0989
122437.4908
122441.8827
122446.2746
122450.6665
122455.0584
122459.4503
122463.8422
122468.2341
122472.626
122477.018
122481.4099
122485.8018
122490.1937
122494.5856
122498.9775
122503.3694
122507.7613
122512.1532
122516.5451
122520.937
122525.329
122529.7209
122534.1128
122538.5047
122542.8966
122547.2885
122551.6804
122556.0723
122560.4642
122564.8561
122569.248
122573.64
122578.0319
122582.4238
122586.8157
122591.2076
122595.5995
122599.9914
122604.3833
122608.7752
122613.1671
122617.559
122621.9509
122626.3429
122630.7348
122635.1267
122639.5186
122643.9105
122648.3024
122652.6943
122657.0862
122661.4781
122665.87
122670.2619
122674.6539
122679.0458
122683.4377
122687.8296
122692.2215
122696.6134
122701.0053
122705.3972
122709.7891
122714.181
122718.5729
122722.9649
122727.3568
122731.7487
122736.1406
122740.5325
122744.9244
122749.3163
122753.7082
122758.1001
122762.492
122766.8839
122771.2759
122775.6678
122780.0597
122784.4516
122788.8435
122793.2354
122797.6273
122802.0192
122806.4111
122810.803
122815.1949
122819.5869
122823.9788
122828.3707
122832.7626
122837.1545
122841.5464
122845.9383
122850.3302
122854.7221
122859.114
122863.5059
122867.8978
122872.2898
122876.6817
122881.0736
122885.4655
122889.8574
122894.2493
122898.6412
122903.0331
122907.425
122911.8169
122916.2088
122920.6008
122924.9927
122929.3846
122933.7765
122938.1684
122942.5603
122946.9522
122951.3441
122955.736
122960.1279
122964.5198
122968.9118
122973.3037
122977.6956
122982.0875
122986.4794
122990.8713
122995.2632
122999.6551
123004.047
123008.4389
123012.8308
123017.2228
123021.6147
123026.0066
123030.3985
123034.7904
123039.1823
123043.5742
123047.9661
123052.358
123056.7499
123061.1418
123065.5338
123069.9257
123074.3176
123078.7095
123083.1014
123087.4933
123091.8852
123096.2771
123100.669
123105.0609
123109.4528
123113.8448
123118.2367
123122.6286
123127.0205
123131.4124
123135.8043
123140.1962
123144.5881
123148.98
123153.3719
123157.7638
123162.1557
123166.5477
123170.9396
123175.3315
123179.7234
123184.1153
123188.5072
123192.8991
123197.291
123201.6829
123206.0748
123210.4667
123214.8587
123219.2506
123223.6425
123228.0344
123232.4263
123236.8182
123241.2101
123245.602
123249.9939
123254.3858
123258.7777
123263.1697
123267.5616
123271.9535
123276.3454
123280.7373
123285.1292
123289.5211
123293.913
123298.3049
123302.6968
123307.0887
123311.4807
123315.8726
123320.2645
123324.6564
123329.0483
123333.4402
123337.8321
123342.224
123346.6159
123351.0078
123355.3997
123359.7917
123364.1836
123368.5755
123372.9674
123377.3593
123381.7512
123386.1431
123390.535
123394.9269
123399.3188
123403.7107
123408.1027
123412.4946
123416.8865
123421.2784
123425.6703
123430.0622
123434.4541
123438.846
123443.2379
123447.6298
123452.0217
123456.4136
123460.8056
123465.1975
123469.5894
123473.9813
123478.3732
123482.7651
123487.157
123491.5489
123495.9408
123500.3327
123504.7246
123509.1166
123513.5085
123517.9004
123522.2923
123526.6842
123531.0761
123535.468
123539.8599
123544.2518
123548.6437
123553.0356
123557.4276
123561.8195
123566.2114
123570.6033
123574.9952
123579.3871
123583.779
123588.1709
123592.5628
123596.9547
123601.3466
123605.7386
123610.1305
123614.5224
123618.9143
123623.3062
123627.6981
123632.09
123636.4819
123640.8738
123645.2657
123649.6576
123654.0496
123658.4415
123662.8334
123667.2253
123671.6172
123676.0091
123680.401
123684.7929
123689.1848
123693.5767
123697.9686
123702.3606
123706.7525
123711.1444
123715.5363
123719.9282
123724.3201
123728.712
123733.1039
123737.4958
123741.8877
123746.2796
123750.6715
123755.0635
123759.4554
123763.8473
123768.2392
123772.6311
123777.023
123781.4149
123785.8068
123790.1987
123794.5906
123798.9825
123803.3745
123807.7664
123812.1583
123816.5502
123820.9421
123825.334
123829.7259
123834.1178
123838.5097
123842.9016
123847.2935
123851.6855
123856.0774
123860.4693
123864.8612
123869.2531
123873.645
123878.0369
123882.4288
123886.8207
123891.2126
123895.6045
123899.9965
123904.3884
123908.7803
123913.1722
123917.5641
123921.956
123926.3479
123930.7398
123935.1317
123939.5236
123943.9155
123948.3075
123952.6994
123957.0913
123961.4832
123965.8751
123970.267
123974.6589
123979.0508
123983.4427
123987.8346
123992.2265
123996.6184
124001.0104
124005.4023
124009.7942
124014.1861
124018.578
124022.9699
124027.3618
124031.7537
124036.1456
124040.5375
124044.9294
124049.3214
124053.7133
124058.1052
124062.4971
124066.889
124071.2809
124075.6728
124080.0647
124084.4566
124088.8485
124093.2404
124097.6324
124102.0243
124106.4162
124110.8081
124115.2
124119.5919
124123.9838
124128.3757
124132.7676
124137.1595
124141.5514
124145.9434
124150.3353
124154.7272
124159.1191
124163.511
124167.9029
124172.2948
124176.6867
124181.0786
124185.4705
124189.8624
124194.2544
124198.6463
124203.0382
124207.4301
124211.822
124216.2139
124220.6058
124224.9977
124229.3896
124233.7815
124238.1734
124242.5654
124246.9573
124251.3492
124255.7411
124260.133
124264.5249
124268.9168
124273.3087
124277.7006
124282.0925
124286.4844
124290.8763
124295.2683
124299.6602
124304.0521
124308.444
124312.8359
124317.2278
124321.6197
124326.0116
124330.4035
124334.7954
124339.1873
124343.5793
124347.9712
124352.3631
124356.755
124361.1469
124365.5388
124369.9307
124374.3226
124378.7145
124383.1064
124387.4983
124391.8903
124396.2822
124400.6741
124405.066
124409.4579
124413.8498
124418.2417
124422.6336
124427.0255
124431.4174
124435.8093
124440.2013
124444.5932
124448.9851
124453.377
124457.7689
124462.1608
124466.5527
124470.9446
124475.3365
124479.7284
124484.1203
124488.5123
124492.9042
124497.2961
124501.688
124506.0799
124510.4718
124514.8637
124519.2556
124523.6475
124528.0394
124532.4313
124536.8233
124541.2152
124545.6071
124549.999
124554.3909
124558.7828
124563.1747
124567.5666
124571.9585
124576.3504
124580.7423
124585.1342
124589.5262
124593.9181
124598.31
124602.7019
124607.0938
124611.4857
124615.8776
124620.2695
124624.6614
124629.0533
124633.4452
124637.8372
124642.2291
124646.621
124651.0129
124655.4048
124659.7967
124664.1886
124668.5805
124672.9724
124677.3643
124681.7562
124686.1482
124690.5401
124694.932
124699.3239
124703.7158
124708.1077
124712.4996
124716.8915
124721.2834
124725.6753
124730.0672
124734.4592
124738.8511
124743.243
124747.6349
124752.0268
124756.4187
124760.8106
124765.2025
124769.5944
124773.9863
124778.3782
124782.7702
124787.1621
124791.554
124795.9459
124800.3378
124804.7297
124809.1216
124813.5135
124817.9054
124822.2973
124826.6892
124831.0812
124835.4731
124839.865
124844.2569
124848.6488
124853.0407
124857.4326
124861.8245
124866.2164
124870.6083
124875.0002
124879.3921
124883.7841
124888.176
124892.5679
124896.9598
124901.3517
124905.7436
124910.1355
124914.5274
124918.9193
124923.3112
124927.7031
124932.0951
124936.487
124940.8789
124945.2708
124949.6627
124954.0546
124958.4465
124962.8384
124967.2303
124971.6222
124976.0141
124980.4061
124984.798
124989.1899
124993.5818
124997.9737
125002.3656
125006.7575
125011.1494
125015.5413
125019.9332
125024.3251
125028.7171
125033.109
125037.5009
125041.8928
125046.2847
125050.6766
125055.0685
125059.4604
125063.8523
125068.2442
125072.6361
125077.0281
125081.42
125085.8119
125090.2038
125094.5957
125098.9876
125103.3795
125107.7714
125112.1633
125116.5552
125120.9471
125125.339
125129.731
125134.1229
125138.5148
125142.9067
125147.2986
125151.6905
125156.0824
125160.4743
125164.8662
125169.2581
125173.65
125178.042
125182.4339
125186.8258
125191.2177
125195.6096
125200.0015
125204.3934
125208.7853
125213.1772
125217.5691
125221.961
125226.353
125230.7449
125235.1368
125239.5287
125243.9206
125248.3125
125252.7044
125257.0963
125261.4882
125265.8801
125270.272
125274.664
125279.0559
125283.4478
125287.8397
125292.2316
125296.6235
125301.0154
125305.4073
125309.7992
125314.1911
125318.583
125322.975
125327.3669
125331.7588
125336.1507
125340.5426
125344.9345
125349.3264
125353.7183
125358.1102
125362.5021
125366.894
125371.286
125375.6779
125380.0698
125384.4617
125388.8536
125393.2455
125397.6374
125402.0293
125406.4212
125410.8131
125415.205
125419.5969
125423.9889
125428.3808
125432.7727
125437.1646
125441.5565
125445.9484
125450.3403
125454.7322
125459.1241
125463.516
125467.9079
125472.2999
125476.6918
125481.0837
125485.4756
125489.8675
125494.2594
125498.6513
125503.0432
125507.4351
125511.827
125516.2189
125520.6109
125525.0028
125529.3947
125533.7866
125538.1785
125542.5704
125546.9623
125551.3542
125555.7461
125560.138
125564.5299
125568.9219
125573.3138
125577.7057
125582.0976
125586.4895
125590.8814
125595.2733
125599.6652
125604.0571
125608.449
125612.8409
125617.2329
125621.6248
125626.0167
125630.4086
125634.8005
125639.1924
125643.5843
125647.9762
125652.3681
125656.76
125661.1519
125665.5439
125669.9358
125674.3277
125678.7196
125683.1115
125687.5034
125691.8953
125696.2872
125700.6791
125705.071
125709.4629
125713.8548
125718.2468
125722.6387
125727.0306
125731.4225
125735.8144
125740.2063
125744.5982
125748.9901
125753.382
125757.7739
125762.1658
125766.5578
125770.9497
125775.3416
125779.7335
125784.1254
125788.5173
125792.9092
125797.3011
125801.693
125806.0849
125810.4768
125814.8688
125819.2607
125823.6526
125828.0445
125832.4364
125836.8283
125841.2202
125845.6121
125850.004
125854.3959
125858.7878
125863.1798
125867.5717
125871.9636
125876.3555
125880.7474
125885.1393
125889.5312
125893.9231
125898.315
125902.7069
125907.0988
125911.4908
125915.8827
125920.2746
125924.6665
125929.0584
125933.4503
125937.8422
125942.2341
125946.626
125951.0179
125955.4098
125959.8018
125964.1937
125968.5856
125972.9775
125977.3694
125981.7613
125986.1532
125990.5451
125994.937
125999.3289
126003.7208
126008.1127
126012.5047
126016.8966
126021.2885
126025.6804
126030.0723
126034.4642
126038.8561
126043.248
126047.6399
126052.0318
126056.4237
126060.8157
126065.2076
126069.5995
126073.9914
126078.3833
126082.7752
126087.1671
126091.559
126095.9509
126100.3428
126104.7347
126109.1267
126113.5186
126117.9105
126122.3024
126126.6943
126131.0862
126135.4781
126139.87
126144.2619
126148.6538
126153.0457
126157.4377
126161.8296
126166.2215
126170.6134
126175.0053
126179.3972
126183.7891
126188.181
126192.5729
126196.9648
126201.3567
126205.7487
126210.1406
126214.5325
126218.9244
126223.3163
126227.7082
126232.1001
126236.492
126240.8839
126245.2758
126249.6677
126254.0596
126258.4516
126262.8435
126267.2354
126271.6273
126276.0192
126280.4111
126284.803
126289.1949
126293.5868
126297.9787
126302.3706
126306.7626
126311.1545
126315.5464
126319.9383
126324.3302
126328.7221
126333.114
126337.5059
126341.8978
126346.2897
126350.6816
126355.0736
126359.4655
126363.8574
126368.2493
126372.6412
126377.0331
126381.425
126385.8169
126390.2088
126394.6007
126398.9926
126403.3846
126407.7765
126412.1684
126416.5603
126420.9522
126425.3441
126429.736
126434.1279
126438.5198
126442.9117
126447.3036
126451.6956
126456.0875
126460.4794
126464.8713
126469.2632
126473.6551
126478.047
126482.4389
126486.8308
126491.2227
126495.6146
126500.0066
126504.3985
126508.7904
126513.1823
126517.5742
126521.9661
126526.358
126530.7499
126535.1418
126539.5337
126543.9256
126548.3175
126552.7095
126557.1014
126561.4933
126565.8852
126570.2771
126574.669
126579.0609
126583.4528
126587.8447
126592.2366
126596.6285
126601.0205
126605.4124
126609.8043
126614.1962
126618.5881
126622.98
126627.3719
126631.7638
126636.1557
126640.5476
126644.9395
126649.3315
126653.7234
126658.1153
126662.5072
126666.8991
126671.291
126675.6829
126680.0748
126684.4667
126688.8586
126693.2505
126697.6425
126702.0344
126706.4263
126710.8182
126715.2101
126719.602
126723.9939
126728.3858
126732.7777
126737.1696
126741.5615
126745.9535
126750.3454
126754.7373
126759.1292
126763.5211
126767.913
126772.3049
126776.6968
126781.0887
126785.4806
126789.8725
126794.2645
126798.6564
126803.0483
126807.4402
126811.8321
126816.224
126820.6159
126825.0078
126829.3997
126833.7916
126838.1835
126842.5754
126846.9674
126851.3593
126855.7512
126860.1431
126864.535
126868.9269
126873.3188
126877.7107
126882.1026
126886.4945
126890.8864
126895.2784
126899.6703
126904.0622
126908.4541
126912.846
126917.2379
126921.6298
126926.0217
126930.4136
126934.8055
126939.1974
126943.5894
126947.9813
126952.3732
126956.7651
126961.157
126965.5489
126969.9408
126974.3327
126978.7246
126983.1165
126987.5084
126991.9004
126996.2923
127000.6842
127005.0761
127009.468
127013.8599
127018.2518
127022.6437
127027.0356
127031.4275
127035.8194
127040.2114
127044.6033
127048.9952
127053.3871
127057.779
127062.1709
127066.5628
127070.9547
127075.3466
127079.7385
127084.1304
127088.5223
127092.9143
127097.3062
127101.6981
127106.09
127110.4819
127114.8738
127119.2657
127123.6576
127128.0495
127132.4414
127136.8333
127141.2253
127145.6172
127150.0091
127154.401
127158.7929
127163.1848
127167.5767
127171.9686
127176.3605
127180.7524
127185.1443
127189.5363
127193.9282
127198.3201
127202.712
127207.1039
127211.4958
127215.8877
127220.2796
127224.6715
127229.0634
127233.4553
127237.8473
127242.2392
127246.6311
127251.023
127255.4149
127259.8068
127264.1987
127268.5906
127272.9825
127277.3744
127281.7663
127286.1583
127290.5502
127294.9421
127299.334
127303.7259
127308.1178
127312.5097
127316.9016
127321.2935
127325.6854
127330.0773
127334.4693
127338.8612
127343.2531
127347.645
127352.0369
127356.4288
127360.8207
127365.2126
127369.6045
127373.9964
127378.3883
127382.7802
127387.1722
127391.5641
127395.956
127400.3479
127404.7398
127409.1317
127413.5236
127417.9155
127422.3074
127426.6993
127431.0912
127435.4832
127439.8751
127444.267
127448.6589
127453.0508
127457.4427
127461.8346
127466.2265
127470.6184
127475.0103
127479.4022
127483.7942
127488.1861
127492.578
127496.9699
127501.3618
127505.7537
127510.1456
127514.5375
127518.9294
127523.3213
127527.7132
127532.1052
127536.4971
127540.889
127545.2809
127549.6728
127554.0647
127558.4566
127562.8485
127567.2404
127571.6323
127576.0242
127580.4162
127584.8081
127589.2
127593.5919
127597.9838
127602.3757
127606.7676
127611.1595
127615.5514
127619.9433
127624.3352
127628.7272
127633.1191
127637.511
127641.9029
127646.2948
127650.6867
127655.0786
127659.4705
127663.8624
127668.2543
127672.6462
127677.0381
127681.4301
127685.822
127690.2139
127694.6058
127698.9977
127703.3896
127707.7815
127712.1734
127716.5653
127720.9572
127725.3491
127729.7411
127734.133
127738.5249
127742.9168
127747.3087
127751.7006
127756.0925
127760.4844
127764.8763
127769.2682
127773.6601
127778.0521
127782.444
127786.8359
127791.2278
127795.6197
127800.0116
127804.4035
127808.7954
127813.1873
127817.5792
127821.9711
127826.3631
127830.755
127835.1469
127839.5388
127843.9307
127848.3226
127852.7145
127857.1064
127861.4983
127865.8902
127870.2821
127874.6741
127879.066
127883.4579
127887.8498
127892.2417
127896.6336
127901.0255
127905.4174
127909.8093
127914.2012
127918.5931
127922.9851
127927.377
127931.7689
127936.1608
127940.5527
127944.9446
127949.3365
127953.7284
127958.1203
127962.5122
127966.9041
127971.296
127975.688
127980.0799
127984.4718
127988.8637
127993.2556
127997.6475
128002.0394
128006.4313
128010.8232
128015.2151
128019.607
128023.999
128028.3909
128032.7828
128037.1747
128041.5666
128045.9585
128050.3504
128054.7423
128059.1342
128063.5261
128067.918
128072.31
128076.7019
128081.0938
128085.4857
128089.8776
128094.2695
128098.6614
128103.0533
128107.4452
128111.8371
128116.229
128120.621
128125.0129
128129.4048
128133.7967
128138.1886
128142.5805
128146.9724
128151.3643
128155.7562
128160.1481
128164.54
128168.932
128173.3239
128177.7158
128182.1077
128186.4996
128190.8915
128195.2834
128199.6753
128204.0672
128208.4591
128212.851
128217.2429
128221.6349
128226.0268
128230.4187
128234.8106
128239.2025
128243.5944
128247.9863
128252.3782
128256.7701
128261.162
128265.5539
128269.9459
128274.3378
128278.7297
128283.1216
128287.5135
128291.9054
128296.2973
128300.6892
128305.0811
128309.473
128313.8649
128318.2569
128322.6488
128327.0407
128331.4326
128335.8245
128340.2164
128344.6083
128349.0002
128353.3921
128357.784
128362.1759
128366.5679
128370.9598
128375.3517
128379.7436
128384.1355
128388.5274
128392.9193
128397.3112
128401.7031
128406.095
128410.4869
128414.8789
128419.2708
128423.6627
128428.0546
128432.4465
128436.8384
128441.2303
128445.6222
128450.0141
128454.406
128458.7979
128463.1899
128467.5818
128471.9737
128476.3656
128480.7575
128485.1494
128489.5413
128493.9332
128498.3251
128502.717
128507.1089
128511.5008
128515.8928
128520.2847
128524.6766
128529.0685
128533.4604
128537.8523
128542.2442
128546.6361
128551.028
128555.4199
128559.8118
128564.2038
128568.5957
128572.9876
128577.3795
128581.7714
128586.1633
128590.5552
128594.9471
128599.339
128603.7309
128608.1228
128612.5148
128616.9067
128621.2986
128625.6905
128630.0824
128634.4743
128638.8662
128643.2581
128647.65
128652.0419
128656.4338
128660.8258
128665.2177
128669.6096
128674.0015
128678.3934
128682.7853
128687.1772
128691.5691
128695.961
128700.3529
128704.7448
128709.1368
128713.5287
128717.9206
128722.3125
128726.7044
128731.0963
128735.4882
128739.8801
128744.272
128748.6639
128753.0558
128757.4478
128761.8397
128766.2316
128770.6235
128775.0154
128779.4073
128783.7992
128788.1911
128792.583
128796.9749
128801.3668
128805.7587
128810.1507
128814.5426
128818.9345
128823.3264
128827.7183
128832.1102
128836.5021
128840.894
128845.2859
128849.6778
128854.0697
128858.4617
128862.8536
128867.2455
128871.6374
128876.0293
128880.4212
128884.8131
128889.205
128893.5969
128897.9888
128902.3807
128906.7727
128911.1646
128915.5565
128919.9484
128924.3403
128928.7322
128933.1241
128937.516
128941.9079
128946.2998
128950.6917
128955.0837
128959.4756
128963.8675
128968.2594
128972.6513
128977.0432
128981.4351
128985.827
128990.2189
128994.6108
128999.0027
129003.3947
129007.7866
129012.1785
129016.5704
129020.9623
129025.3542
129029.7461
129034.138
129038.5299
129042.9218
129047.3137
129051.7057
129056.0976
129060.4895
129064.8814
129069.2733
129073.6652
129078.0571
129082.449
129086.8409
129091.2328
129095.6247
129100.0166
129104.4086
129108.8005
129113.1924
129117.5843
129121.9762
129126.3681
129130.76
129135.1519
129139.5438
129143.9357
129148.3276
129152.7196
129157.1115
129161.5034
129165.8953
129170.2872
129174.6791
129179.071
129183.4629
129187.8548
129192.2467
129196.6386
129201.0306
129205.4225
129209.8144
129214.2063
129218.5982
129222.9901
129227.382
129231.7739
129236.1658
129240.5577
129244.9496
129249.3416
129253.7335
129258.1254
129262.5173
129266.9092
129271.3011
129275.693
129280.0849
129284.4768
129288.8687
129293.2606
129297.6526
129302.0445
129306.4364
129310.8283
129315.2202
129319.6121
129324.004
129328.3959
129332.7878
129337.1797
129341.5716
129345.9635
129350.3555
129354.7474
129359.1393
129363.5312
129367.9231
129372.315
129376.7069
129381.0988
129385.4907
129389.8826
129394.2745
129398.6665
129403.0584
129407.4503
129411.8422
129416.2341
129420.626
129425.0179
129429.4098
129433.8017
129438.1936
129442.5855
129446.9775
129451.3694
129455.7613
129460.1532
129464.5451
129468.937
129473.3289
129477.7208
129482.1127
129486.5046
129490.8965
129495.2885
129499.6804
129504.0723
129508.4642
129512.8561
129517.248
129521.6399
129526.0318
129530.4237
129534.8156
129539.2075
129543.5995
129547.9914
129552.3833
129556.7752
129561.1671
129565.559
129569.9509
129574.3428
129578.7347
129583.1266
129587.5185
129591.9105
129596.3024
129600.6943
129605.0862
129609.4781
129613.87
129618.2619
129622.6538
129627.0457
129631.4376
129635.8295
129640.2214
129644.6134
129649.0053
129653.3972
129657.7891
129662.181
129666.5729
129670.9648
129675.3567
129679.7486
129684.1405
129688.5324
129692.9244
129697.3163
129701.7082
129706.1001
129710.492
129714.8839
129719.2758
129723.6677
129728.0596
129732.4515
129736.8434
129741.2354
129745.6273
129750.0192
129754.4111
129758.803
129763.1949
129767.5868
129771.9787
129776.3706
129780.7625
129785.1544
129789.5464
129793.9383
129798.3302
129802.7221
129807.114
129811.5059
129815.8978
129820.2897
129824.6816
129829.0735
129833.4654
129837.8574
129842.2493
129846.6412
129851.0331
129855.425
129859.8169
129864.2088
129868.6007
129872.9926
129877.3845
129881.7764
129886.1684
129890.5603
129894.9522
129899.3441
129903.736
129908.1279
129912.5198
129916.9117
129921.3036
129925.6955
129930.0874
129934.4793
129938.8713
129943.2632
129947.6551
129952.047
129956.4389
129960.8308
129965.2227
129969.6146
129974.0065
129978.3984
129982.7903
129987.1823
129991.5742
129995.9661
130000.358
130004.7499
130009.1418
130013.5337
130017.9256
130022.3175
130026.7094
130031.1013
130035.4933
130039.8852
130044.2771
130048.669
130053.0609
130057.4528
130061.8447
130066.2366
130070.6285
130075.0204
130079.4123
130083.8043
130088.1962
130092.5881
130096.98
130101.3719
130105.7638
130110.1557
130114.5476
130118.9395
130123.3314
130127.7233
130132.1153
130136.5072
130140.8991
130145.291
130149.6829
130154.0748
130158.4667
130162.8586
130167.2505
130171.6424
130176.0343
130180.4263
130184.8182
130189.2101
130193.602
130197.9939
130202.3858
130206.7777
130211.1696
130215.5615
130219.9534
130224.3453
130228.7372
130233.1292
130237.5211
130241.913
130246.3049
130250.6968
130255.0887
130259.4806
130263.8725
130268.2644
130272.6563
130277.0482
130281.4402
130285.8321
130290.224
130294.6159
130299.0078
130303.3997
130307.7916
130312.1835
130316.5754
130320.9673
130325.3592
130329.7512
130334.1431
130338.535
130342.9269
130347.3188
130351.7107
130356.1026
130360.4945
130364.8864
130369.2783
130373.6702
130378.0622
130382.4541
130386.846
130391.2379
130395.6298
130400.0217
130404.4136
130408.8055
130413.1974
130417.5893
130421.9812
130426.3732
130430.7651
130435.157
130439.5489
130443.9408
130448.3327
130452.7246
130457.1165
130461.5084
130465.9003
130470.2922
130474.6841
130479.0761
130483.468
130487.8599
130492.2518
130496.6437
130501.0356
130505.4275
130509.8194
130514.2113
130518.6032
130522.9951
130527.3871
130531.779
130536.1709
130540.5628
130544.9547
130549.3466
130553.7385
130558.1304
130562.5223
130566.9142
130571.3061
130575.6981
130580.09
130584.4819
130588.8738
130593.2657
130597.6576
130602.0495
130606.4414
130610.8333
130615.2252
130619.6171
130624.0091
130628.401
130632.7929
130637.1848
130641.5767
130645.9686
130650.3605
130654.7524
130659.1443
130663.5362
130667.9281
130672.3201
130676.712
130681.1039
130685.4958
130689.8877
130694.2796
130698.6715
130703.0634
130707.4553
130711.8472
130716.2391
130720.6311
130725.023
130729.4149
130733.8068
130738.1987
130742.5906
130746.9825
130751.3744
130755.7663
130760.1582
130764.5501
130768.942
130773.334
130777.7259
130782.1178
130786.5097
130790.9016
130795.2935
130799.6854
130804.0773
130808.4692
130812.8611
130817.253
130821.645
130826.0369
130830.4288
130834.8207
130839.2126
130843.6045
130847.9964
130852.3883
130856.7802
130861.1721
130865.564
130869.956
130874.3479
130878.7398
130883.1317
130887.5236
130891.9155
130896.3074
130900.6993
130905.0912
130909.4831
130913.875
130918.267
130922.6589
130927.0508
130931.4427
130935.8346
130940.2265
130944.6184
130949.0103
130953.4022
130957.7941
130962.186
130966.578
130970.9699
130975.3618
130979.7537
130984.1456
130988.5375
130992.9294
130997.3213
131001.7132
131006.1051
131010.497
131014.889
131019.2809
131023.6728
131028.0647
131032.4566
131036.8485
131041.2404
131045.6323
131050.0242
131054.4161
131058.808
131063.1999
131067.5919
131071.9838
131076.3757
131080.7676
131085.1595
131089.5514
131093.9433
131098.3352
131102.7271
131107.119
131111.5109
131115.9029
131120.2948
131124.6867
131129.0786
131133.4705
131137.8624
131142.2543
131146.6462
131151.0381
131155.43
131159.8219
131164.2139
131168.6058
131172.9977
131177.3896
131181.7815
131186.1734
131190.5653
131194.9572
131199.3491
131203.741
131208.1329
131212.5249
131216.9168
131221.3087
131225.7006
131230.0925
131234.4844
131238.8763
131243.2682
131247.6601
131252.052
131256.4439
131260.8359
131265.2278
131269.6197
131274.0116
131278.4035
131282.7954
131287.1873
131291.5792
131295.9711
131300.363
131304.7549
131309.1469
131313.5388
131317.9307
131322.3226
131326.7145
131331.1064
131335.4983
131339.8902
131344.2821
131348.674
131353.0659
131357.4578
131361.8498
131366.2417
131370.6336
131375.0255
131379.4174
131383.8093
131388.2012
131392.5931
131396.985
131401.3769
131405.7688
131410.1608
131414.5527
131418.9446
131423.3365
131427.7284
131432.1203
131436.5122
131440.9041
131445.296
131449.6879
131454.0798
131458.4718
131462.8637
131467.2556
131471.6475
131476.0394
131480.4313
131484.8232
131489.2151
131493.607
131497.9989
131502.3908
131506.7828
131511.1747
131515.5666
131519.9585
131524.3504
131528.7423
131533.1342
131537.5261
131541.918
131546.3099
131550.7018
131555.0938
131559.4857
131563.8776
131568.2695
131572.6614
131577.0533
131581.4452
131585.8371
131590.229
131594.6209
131599.0128
131603.4047
131607.7967
131612.1886
131616.5805
131620.9724
131625.3643
131629.7562
131634.1481
131638.54
131642.9319
131647.3238
131651.7157
131656.1077
131660.4996
131664.8915
131669.2834
131673.6753
131678.0672
131682.4591
131686.851
131691.2429
131695.6348
131700.0267
131704.4187
131708.8106
131713.2025
131717.5944
131721.9863
131726.3782
131730.7701
131735.162
131739.5539
131743.9458
131748.3377
131752.7297
131757.1216
131761.5135
131765.9054
131770.2973
131774.6892
131779.0811
131783.473
131787.8649
131792.2568
131796.6487
131801.0407
131805.4326
131809.8245
131814.2164
131818.6083
131823.0002
131827.3921
131831.784
131836.1759
131840.5678
131844.9597
131849.3517
131853.7436
131858.1355
131862.5274
131866.9193
131871.3112
131875.7031
131880.095
131884.4869
131888.8788
131893.2707
131897.6626
131902.0546
131906.4465
131910.8384
131915.2303
131919.6222
131924.0141
131928.406
131932.7979
131937.1898
131941.5817
131945.9736
131950.3656
131954.7575
131959.1494
131963.5413
131967.9332
131972.3251
131976.717
131981.1089
131985.5008
131989.8927
131994.2846
131998.6766
132003.0685
132007.4604
132011.8523
132016.2442
132020.6361
132025.028
132029.4199
132033.8118
132038.2037
132042.5956
132046.9876
132051.3795
132055.7714
132060.1633
132064.5552
132068.9471
132073.339
132077.7309
132082.1228
132086.5147
132090.9066
132095.2986
132099.6905
132104.0824
132108.4743
132112.8662
132117.2581
132121.65
132126.0419
132130.4338
132134.8257
132139.2176
132143.6096
132148.0015
132152.3934
132156.7853
132161.1772
132165.5691
132169.961
132174.3529
132178.7448
132183.1367
132187.5286
132191.9205
132196.3125
132200.7044
132205.0963
132209.4882
132213.8801
132218.272
132222.6639
132227.0558
132231.4477
132235.8396
132240.2315
132244.6235
132249.0154
132253.4073
132257.7992
132262.1911
132266.583
132270.9749
132275.3668
132279.7587
132284.1506
132288.5425
132292.9345
132297.3264
132301.7183
132306.1102
132310.5021
132314.894
132319.2859
132323.6778
132328.0697
132332.4616
132336.8535
132341.2455
132345.6374
132350.0293
132354.4212
132358.8131
132363.205
132367.5969
132371.9888
132376.3807
132380.7726
132385.1645
132389.5565
132393.9484
132398.3403
132402.7322
132407.1241
132411.516
132415.9079
132420.2998
132424.6917
132429.0836
132433.4755
132437.8674
132442.2594
132446.6513
132451.0432
132455.4351
132459.827
132464.2189
132468.6108
132473.0027
132477.3946
132481.7865
132486.1784
132490.5704
132494.9623
132499.3542
132503.7461
132508.138
132512.5299
132516.9218
132521.3137
132525.7056
132530.0975
132534.4894
132538.8814
132543.2733
132547.6652
132552.0571
132556.449
132560.8409
132565.2328
132569.6247
132574.0166
132578.4085
132582.8004
132587.1924
132591.5843
132595.9762
132600.3681
132604.76
132609.1519
132613.5438
132617.9357
132622.3276
132626.7195
132631.1114
132635.5034
132639.8953
132644.2872
132648.6791
132653.071
132657.4629
132661.8548
132666.2467
132670.6386
132675.0305
132679.4224
132683.8144
132688.2063
132692.5982
132696.9901
132701.382
132705.7739
132710.1658
132714.5577
132718.9496
132723.3415
132727.7334
132732.1253
132736.5173
132740.9092
132745.3011
132749.693
132754.0849
132758.4768
132762.8687
132767.2606
132771.6525
132776.0444
132780.4363
132784.8283
132789.2202
132793.6121
132798.004
132802.3959
132806.7878
132811.1797
132815.5716
132819.9635
132824.3554
132828.7473
132833.1393
132837.5312
132841.9231
132846.315
132850.7069
132855.0988
132859.4907
132863.8826
132868.2745
132872.6664
132877.0583
132881.4503
132885.8422
132890.2341
132894.626
132899.0179
132903.4098
132907.8017
132912.1936
132916.5855
132920.9774
132925.3693
132929.7613
132934.1532
132938.5451
132942.937
132947.3289
132951.7208
132956.1127
132960.5046
132964.8965
132969.2884
132973.6803
132978.0723
132982.4642
132986.8561
132991.248
132995.6399
133000.0318
133004.4237
133008.8156
133013.2075
133017.5994
133021.9913
133026.3832
133030.7752
133035.1671
133039.559
133043.9509
133048.3428
133052.7347
133057.1266
133061.5185
133065.9104
133070.3023
133074.6942
133079.0862
133083.4781
133087.87
133092.2619
133096.6538
133101.0457
133105.4376
133109.8295
133114.2214
133118.6133
133123.0052
133127.3972
133131.7891
133136.181
133140.5729
133144.9648
133149.3567
133153.7486
133158.1405
133162.5324
133166.9243
133171.3162
133175.7082
133180.1001
133184.492
133188.8839
133193.2758
133197.6677
133202.0596
133206.4515
133210.8434
133215.2353
133219.6272
133224.0192
133228.4111
133232.803
133237.1949
133241.5868
133245.9787
133250.3706
133254.7625
133259.1544
133263.5463
133267.9382
133272.3302
133276.7221
133281.114
133285.5059
133289.8978
133294.2897
133298.6816
133303.0735
133307.4654
133311.8573
133316.2492
133320.6411
133325.0331
133329.425
133333.8169
133338.2088
133342.6007
133346.9926
133351.3845
133355.7764
133360.1683
133364.5602
133368.9521
133373.3441
133377.736
133382.1279
133386.5198
133390.9117
133395.3036
133399.6955
133404.0874
133408.4793
133412.8712
133417.2631
133421.6551
133426.047
133430.4389
133434.8308
133439.2227
133443.6146
133448.0065
133452.3984
133456.7903
133461.1822
133465.5741
133469.9661
133474.358
133478.7499
133483.1418
133487.5337
133491.9256
133496.3175
133500.7094
133505.1013
133509.4932
133513.8851
133518.2771
133522.669
133527.0609
133531.4528
133535.8447
133540.2366
133544.6285
133549.0204
133553.4123
133557.8042
133562.1961
133566.588
133570.98
133575.3719
133579.7638
133584.1557
133588.5476
133592.9395
133597.3314
133601.7233
133606.1152
133610.5071
133614.899
133619.291
133623.6829
133628.0748
133632.4667
133636.8586
133641.2505
133645.6424
133650.0343
133654.4262
133658.8181
133663.21
133667.602
133671.9939
133676.3858
133680.7777
133685.1696
133689.5615
133693.9534
133698.3453
133702.7372
133707.1291
133711.521
133715.913
133720.3049
133724.6968
133729.0887
133733.4806
133737.8725
133742.2644
133746.6563
133751.0482
133755.4401
133759.832
133764.224
133768.6159
133773.0078
133777.3997
133781.7916
133786.1835
133790.5754
133794.9673
133799.3592
133803.7511
133808.143
133812.535
133816.9269
133821.3188
133825.7107
133830.1026
133834.4945
133838.8864
133843.2783
133847.6702
133852.0621
133856.454
133860.8459
133865.2379
133869.6298
133874.0217
133878.4136
133882.8055
133887.1974
133891.5893
133895.9812
133900.3731
133904.765
133909.1569
133913.5489
133917.9408
133922.3327
133926.7246
133931.1165
133935.5084
133939.9003
133944.2922
133948.6841
133953.076
133957.4679
133961.8599
133966.2518
133970.6437
133975.0356
133979.4275
133983.8194
133988.2113
133992.6032
133996.9951
134001.387
134005.7789
134010.1709
134014.5628
134018.9547
134023.3466
134027.7385
134032.1304
134036.5223
134040.9142
134045.3061
134049.698
134054.0899
134058.4819
134062.8738
134067.2657
134071.6576
134076.0495
134080.4414
134084.8333
134089.2252
134093.6171
134098.009
134102.4009
134106.7929
134111.1848
134115.5767
134119.9686
134124.3605
134128.7524
134133.1443
134137.5362
134141.9281
134146.32
134150.7119
134155.1038
134159.4958
134163.8877
134168.2796
134172.6715
134177.0634
134181.4553
134185.8472
134190.2391
134194.631
134199.0229
134203.4148
134207.8068
134212.1987
134216.5906
134220.9825
134225.3744
134229.7663
134234.1582
134238.5501
134242.942
134247.3339
134251.7258
134256.1178
134260.5097
134264.9016
134269.2935
134273.6854
134278.0773
134282.4692
134286.8611
134291.253
134295.6449
134300.0368
134304.4288
134308.8207
134313.2126
134317.6045
134321.9964
134326.3883
134330.7802
134335.1721
134339.564
134343.9559
134348.3478
134352.7398
134357.1317
134361.5236
134365.9155
134370.3074
134374.6993
134379.0912
134383.4831
134387.875
134392.2669
134396.6588
134401.0508
134405.4427
134409.8346
134414.2265
134418.6184
134423.0103
134427.4022
134431.7941
134436.186
134440.5779
134444.9698
134449.3617
134453.7537
134458.1456
134462.5375
134466.9294
134471.3213
134475.7132
134480.1051
134484.497
134488.8889
134493.2808
134497.6727
134502.0647
134506.4566
134510.8485
134515.2404
134519.6323
134524.0242
134528.4161
134532.808
134537.1999
134541.5918
134545.9837
134550.3757
134554.7676
134559.1595
134563.5514
134567.9433
134572.3352
134576.7271
134581.119
134585.5109
134589.9028
134594.2947
134598.6867
134603.0786
134607.4705
134611.8624
134616.2543
134620.6462
134625.0381
134629.43
134633.8219
134638.2138
134642.6057
134646.9977
134651.3896
134655.7815
134660.1734
134664.5653
134668.9572
134673.3491
134677.741
134682.1329
134686.5248
134690.9167
134695.3086
134699.7006
134704.0925
134708.4844
134712.8763
134717.2682
134721.6601
134726.052
134730.4439
134734.8358
134739.2277
134743.6196
134748.0116
134752.4035
134756.7954
134761.1873
134765.5792
134769.9711
134774.363
134778.7549
134783.1468
134787.5387
134791.9306
134796.3226
134800.7145
134805.1064
134809.4983
134813.8902
134818.2821
134822.674
134827.0659
134831.4578
134835.8497
134840.2416
134844.6336
134849.0255
134853.4174
134857.8093
134862.2012
134866.5931
134870.985
134875.3769
134879.7688
134884.1607
134888.5526
134892.9446
134897.3365
134901.7284
134906.1203
134910.5122
134914.9041
134919.296
134923.6879
134928.0798
134932.4717
134936.8636
134941.2556
134945.6475
134950.0394
134954.4313
134958.8232
134963.2151
134967.607
134971.9989
134976.3908
134980.7827
134985.1746
134989.5665
134993.9585
134998.3504
135002.7423
135007.1342
135011.5261
135015.918
135020.3099
135024.7018
135029.0937
135033.4856
135037.8775
135042.2695
135046.6614
135051.0533
135055.4452
135059.8371
135064.229
135068.6209
135073.0128
135077.4047
135081.7966
135086.1885
135090.5805
135094.9724
135099.3643
135103.7562
135108.1481
135112.54
135116.9319
135121.3238
135125.7157
135130.1076
135134.4995
135138.8915
135143.2834
135147.6753
135152.0672
135156.4591
135160.851
135165.2429
135169.6348
135174.0267
135178.4186
135182.8105
135187.2025
135191.5944
135195.9863
135200.3782
135204.7701
135209.162
135213.5539
135217.9458
135222.3377
135226.7296
135231.1215
135235.5135
135239.9054
135244.2973
135248.6892
135253.0811
135257.473
135261.8649
135266.2568
135270.6487
135275.0406
135279.4325
135283.8244
135288.2164
135292.6083
135297.0002
135301.3921
135305.784
135310.1759
135314.5678
135318.9597
135323.3516
135327.7435
135332.1354
135336.5274
135340.9193
135345.3112
135349.7031
135354.095
135358.4869
135362.8788
135367.2707
135371.6626
135376.0545
135380.4464
135384.8384
135389.2303
135393.6222
135398.0141
135402.406
135406.7979
135411.1898
135415.5817
135419.9736
135424.3655
135428.7574
135433.1494
135437.5413
135441.9332
135446.3251
135450.717
135455.1089
135459.5008
135463.8927
135468.2846
135472.6765
135477.0684
135481.4604
135485.8523
135490.2442
135494.6361
135499.028
135503.4199
135507.8118
135512.2037
135516.5956
135520.9875
135525.3794
135529.7714
135534.1633
135538.5552
135542.9471
135547.339
135551.7309
135556.1228
135560.5147
135564.9066
135569.2985
135573.6904
135578.0823
135582.4743
135586.8662
135591.2581
135595.65
135600.0419
135604.4338
135608.8257
135613.2176
135617.6095
135622.0014
135626.3933
135630.7853
135635.1772
135639.5691
135643.961
135648.3529
135652.7448
135657.1367
135661.5286
135665.9205
135670.3124
135674.7043
135679.0963
135683.4882
135687.8801
135692.272
135696.6639
135701.0558
135705.4477
135709.8396
135714.2315
135718.6234
135723.0153
135727.4073
135731.7992
135736.1911
135740.583
135744.9749
135749.3668
135753.7587
135758.1506
135762.5425
135766.9344
135771.3263
135775.7183
135780.1102
135784.5021
135788.894
135793.2859
135797.6778
135802.0697
135806.4616
135810.8535
135815.2454
135819.6373
135824.0292
135828.4212
135832.8131
135837.205
135841.5969
135845.9888
135850.3807
135854.7726
135859.1645
135863.5564
135867.9483
135872.3402
135876.7322
135881.1241
135885.516
135889.9079
135894.2998
135898.6917
135903.0836
135907.4755
135911.8674
135916.2593
135920.6512
135925.0432
135929.4351
135933.827
135938.2189
135942.6108
135947.0027
135951.3946
135955.7865
135960.1784
135964.5703
135968.9622
135973.3542
135977.7461
135982.138
135986.5299
135990.9218
135995.3137
135999.7056
136004.0975
136008.4894
136012.8813
136017.2732
136021.6652
136026.0571
136030.449
136034.8409
136039.2328
136043.6247
136048.0166
136052.4085
136056.8004
136061.1923
136065.5842
136069.9762
136074.3681
136078.76
136083.1519
136087.5438
136091.9357
136096.3276
136100.7195
136105.1114
136109.5033
136113.8952
136118.2871
136122.6791
136127.071
136131.4629
136135.8548
136140.2467
136144.6386
136149.0305
136153.4224
136157.8143
136162.2062
136166.5981
136170.9901
136175.382
136179.7739
136184.1658
136188.5577
136192.9496
136197.3415
136201.7334
136206.1253
136210.5172
136214.9091
136219.3011
136223.693
136228.0849
136232.4768
136236.8687
136241.2606
136245.6525
136250.0444
136254.4363
136258.8282
136263.2201
136267.6121
136272.004
136276.3959
136280.7878
136285.1797
136289.5716
136293.9635
136298.3554
136302.7473
136307.1392
136311.5311
136315.9231
136320.315
136324.7069
136329.0988
136333.4907
136337.8826
136342.2745
136346.6664
136351.0583
136355.4502
136359.8421
136364.2341
136368.626
136373.0179
136377.4098
136381.8017
136386.1936
136390.5855
136394.9774
136399.3693
136403.7612
136408.1531
136412.545
136416.937
136421.3289
136425.7208
136430.1127
136434.5046
136438.8965
136443.2884
136447.6803
136452.0722
136456.4641
136460.856
136465.248
136469.6399
136474.0318
136478.4237
136482.8156
136487.2075
136491.5994
136495.9913
136500.3832
136504.7751
136509.167
136513.559
136517.9509
136522.3428
136526.7347
136531.1266
136535.5185
136539.9104
136544.3023
136548.6942
136553.0861
136557.478
136561.87
136566.2619
136570.6538
136575.0457
136579.4376
136583.8295
136588.2214
136592.6133
136597.0052
136601.3971
136605.789
136610.181
136614.5729
136618.9648
136623.3567
136627.7486
136632.1405
136636.5324
136640.9243
136645.3162
136649.7081
136654.1
136658.4919
136662.8839
136667.2758
136671.6677
136676.0596
136680.4515
136684.8434
136689.2353
136693.6272
136698.0191
136702.411
136706.8029
136711.1949
136715.5868
136719.9787
136724.3706
136728.7625
136733.1544
136737.5463
136741.9382
136746.3301
136750.722
136755.1139
136759.5059
136763.8978
136768.2897
136772.6816
136777.0735
136781.4654
136785.8573
136790.2492
136794.6411
136799.033
136803.4249
136807.8169
136812.2088
136816.6007
136820.9926
136825.3845
136829.7764
136834.1683
136838.5602
136842.9521
136847.344
136851.7359
136856.1279
136860.5198
136864.9117
136869.3036
136873.6955
136878.0874
136882.4793
136886.8712
136891.2631
136895.655
136900.0469
136904.4389
136908.8308
136913.2227
136917.6146
136922.0065
136926.3984
136930.7903
136935.1822
136939.5741
136943.966
136948.3579
136952.7498
136957.1418
136961.5337
136965.9256
136970.3175
136974.7094
136979.1013
136983.4932
136987.8851
136992.277
136996.6689
137001.0608
137005.4528
137009.8447
137014.2366
137018.6285
137023.0204
137027.4123
137031.8042
137036.1961
137040.588
137044.9799
137049.3718
137053.7638
137058.1557
137062.5476
137066.9395
137071.3314
137075.7233
137080.1152
137084.5071
137088.899
137093.2909
137097.6828
137102.0748
137106.4667
137110.8586
137115.2505
137119.6424
137124.0343
137128.4262
137132.8181
137137.21
137141.6019
137145.9938
137150.3858
137154.7777
137159.1696
137163.5615
137167.9534
137172.3453
137176.7372
137181.1291
137185.521
137189.9129
137194.3048
137198.6968
137203.0887
137207.4806
137211.8725
137216.2644
137220.6563
137225.0482
137229.4401
137233.832
137238.2239
137242.6158
137247.0077
137251.3997
137255.7916
137260.1835
137264.5754
137268.9673
137273.3592
137277.7511
137282.143
137286.5349
137290.9268
137295.3187
137299.7107
137304.1026
137308.4945
137312.8864
137317.2783
137321.6702
137326.0621
137330.454
137334.8459
137339.2378
137343.6297
137348.0217
137352.4136
137356.8055
137361.1974
137365.5893
137369.9812
137374.3731
137378.765
137383.1569
137387.5488
137391.9407
137396.3327
137400.7246
137405.1165
137409.5084
137413.9003
137418.2922
137422.6841
137427.076
137431.4679
137435.8598
137440.2517
137444.6437
137449.0356
137453.4275
137457.8194
137462.2113
137466.6032
137470.9951
137475.387
137479.7789
137484.1708
137488.5627
137492.9547
137497.3466
137501.7385
137506.1304
137510.5223
137514.9142
137519.3061
137523.698
137528.0899
137532.4818
137536.8737
137541.2656
137545.6576
137550.0495
137554.4414
137558.8333
137563.2252
137567.6171
137572.009
137576.4009
137580.7928
137585.1847
137589.5766
137593.9686
137598.3605
137602.7524
137607.1443
137611.5362
137615.9281
137620.32
137624.7119
137629.1038
137633.4957
137637.8876
137642.2796
137646.6715
137651.0634
137655.4553
137659.8472
137664.2391
137668.631
137673.0229
137677.4148
137681.8067
137686.1986
137690.5906
137694.9825
137699.3744
137703.7663
137708.1582
137712.5501
137716.942
137721.3339
137725.7258
137730.1177
137734.5096
137738.9016
137743.2935
137747.6854
137752.0773
137756.4692
137760.8611
137765.253
137769.6449
137774.0368
137778.4287
137782.8206
137787.2125
137791.6045
137795.9964
137800.3883
137804.7802
137809.1721
137813.564
137817.9559
137822.3478
137826.7397
137831.1316
137835.5235
137839.9155
137844.3074
137848.6993
137853.0912
137857.4831
137861.875
137866.2669
137870.6588
137875.0507
137879.4426
137883.8345
137888.2265
137892.6184
137897.0103
137901.4022
137905.7941
137910.186
137914.5779
137918.9698
137923.3617
137927.7536
137932.1455
137936.5375
137940.9294
137945.3213
137949.7132
137954.1051
137958.497
137962.8889
137967.2808
137971.6727
137976.0646
137980.4565
137984.8485
137989.2404
137993.6323
137998.0242
138002.4161
138006.808
138011.1999
138015.5918
138019.9837
138024.3756
138028.7675
138033.1595
138037.5514
138041.9433
138046.3352
138050.7271
138055.119
138059.5109
138063.9028
138068.2947
138072.6866
138077.0785
138081.4704
138085.8624
138090.2543
138094.6462
138099.0381
138103.43
138107.8219
138112.2138
138116.6057
138120.9976
138125.3895
138129.7814
138134.1734
138138.5653
138142.9572
138147.3491
138151.741
138156.1329
138160.5248
138164.9167
138169.3086
138173.7005
138178.0924
138182.4844
138186.8763
138191.2682
138195.6601
138200.052
138204.4439
138208.8358
138213.2277
138217.6196
138222.0115
138226.4034
138230.7954
138235.1873
138239.5792
138243.9711
138248.363
138252.7549
138257.1468
138261.5387
138265.9306
138270.3225
138274.7144
138279.1064
138283.4983
138287.8902
138292.2821
138296.674
138301.0659
138305.4578
138309.8497
138314.2416
138318.6335
138323.0254
138327.4174
138331.8093
138336.2012
138340.5931
138344.985
138349.3769
138353.7688
138358.1607
138362.5526
138366.9445
138371.3364
138375.7283
138380.1203
138384.5122
138388.9041
138393.296
138397.6879
138402.0798
138406.4717
138410.8636
138415.2555
138419.6474
138424.0393
138428.4313
138432.8232
138437.2151
138441.607
138445.9989
138450.3908
138454.7827
138459.1746
138463.5665
138467.9584
138472.3503
138476.7423
138481.1342
138485.5261
138489.918
138494.3099
138498.7018
138503.0937
138507.4856
138511.8775
138516.2694
138520.6613
138525.0533
138529.4452
138533.8371
138538.229
138542.6209
138547.0128
138551.4047
138555.7966
138560.1885
138564.5804
138568.9723
138573.3643
138577.7562
138582.1481
138586.54
138590.9319
138595.3238
138599.7157
138604.1076
138608.4995
138612.8914
138617.2833
138621.6753
138626.0672
138630.4591
138634.851
138639.2429
138643.6348
138648.0267
138652.4186
138656.8105
138661.2024
138665.5943
138669.9862
138674.3782
138678.7701
138683.162
138687.5539
138691.9458
138696.3377
138700.7296
138705.1215
138709.5134
138713.9053
138718.2972
138722.6892
138727.0811
138731.473
138735.8649
138740.2568
138744.6487
138749.0406
138753.4325
138757.8244
138762.2163
138766.6082
138771.0002
138775.3921
138779.784
138784.1759
138788.5678
138792.9597
138797.3516
138801.7435
138806.1354
138810.5273
138814.9192
138819.3112
138823.7031
138828.095
138832.4869
138836.8788
138841.2707
138845.6626
138850.0545
138854.4464
138858.8383
138863.2302
138867.6222
138872.0141
138876.406
138880.7979
138885.1898
138889.5817
138893.9736
138898.3655
138902.7574
138907.1493
138911.5412
138915.9331
138920.3251
138924.717
138929.1089
138933.5008
138937.8927
138942.2846
138946.6765
138951.0684
138955.4603
138959.8522
138964.2441
138968.6361
138973.028
138977.4199
138981.8118
138986.2037
138990.5956
138994.9875
138999.3794
139003.7713
139008.1632
139012.5551
139016.9471
139021.339
139025.7309
139030.1228
139034.5147
139038.9066
139043.2985
139047.6904
139052.0823
139056.4742
139060.8661
139065.2581
139069.65
139074.0419
139078.4338
139082.8257
139087.2176
139091.6095
139096.0014
139100.3933
139104.7852
139109.1771
139113.5691
139117.961
139122.3529
139126.7448
139131.1367
139135.5286
139139.9205
139144.3124
139148.7043
139153.0962
139157.4881
139161.8801
139166.272
139170.6639
139175.0558
139179.4477
139183.8396
139188.2315
139192.6234
139197.0153
139201.4072
139205.7991
139210.191
139214.583
139218.9749
139223.3668
139227.7587
139232.1506
139236.5425
139240.9344
139245.3263
139249.7182
139254.1101
139258.502
139262.894
139267.2859
139271.6778
139276.0697
139280.4616
139284.8535
139289.2454
139293.6373
139298.0292
139302.4211
139306.813
139311.205
139315.5969
139319.9888
139324.3807
139328.7726
139333.1645
139337.5564
139341.9483
139346.3402
139350.7321
139355.124
139359.516
139363.9079
139368.2998
139372.6917
139377.0836
139381.4755
139385.8674
139390.2593
139394.6512
139399.0431
139403.435
139407.827
139412.2189
139416.6108
139421.0027
139425.3946
139429.7865
139434.1784
139438.5703
139442.9622
139447.3541
139451.746
139456.138
139460.5299
139464.9218
139469.3137
139473.7056
139478.0975
139482.4894
139486.8813
139491.2732
139495.6651
139500.057
139504.4489
139508.8409
139513.2328
139517.6247
139522.0166
139526.4085
139530.8004
139535.1923
139539.5842
139543.9761
139548.368
139552.7599
139557.1519
139561.5438
139565.9357
139570.3276
139574.7195
139579.1114
139583.5033
139587.8952
139592.2871
139596.679
139601.0709
139605.4629
139609.8548
139614.2467
139618.6386
139623.0305
139627.4224
139631.8143
139636.2062
139640.5981
139644.99
139649.3819
139653.7739
139658.1658
139662.5577
139666.9496
139671.3415
139675.7334
139680.1253
139684.5172
139688.9091
139693.301
139697.6929
139702.0849
139706.4768
139710.8687
139715.2606
139719.6525
139724.0444
139728.4363
139732.8282
139737.2201
139741.612
139746.0039
139750.3959
139754.7878
139759.1797
139763.5716
139767.9635
139772.3554
139776.7473
139781.1392
139785.5311
139789.923
139794.3149
139798.7068
139803.0988
139807.4907
139811.8826
139816.2745
139820.6664
139825.0583
139829.4502
139833.8421
139838.234
139842.6259
139847.0178
139851.4098
139855.8017
139860.1936
139864.5855
139868.9774
139873.3693
139877.7612
139882.1531
139886.545
139890.9369
139895.3288
139899.7208
139904.1127
139908.5046
139912.8965
139917.2884
139921.6803
139926.0722
139930.4641
139934.856
139939.2479
139943.6398
139948.0318
139952.4237
139956.8156
139961.2075
139965.5994
139969.9913
139974.3832
139978.7751
139983.167
139987.5589
139991.9508
139996.3428
140000.7347
140005.1266
140009.5185
140013.9104
140018.3023
140022.6942
140027.0861
140031.478
140035.8699
140040.2618
140044.6537
140049.0457
140053.4376
140057.8295
140062.2214
140066.6133
140071.0052
140075.3971
140079.789
140084.1809
140088.5728
140092.9647
140097.3567
140101.7486
140106.1405
140110.5324
140114.9243
140119.3162
140123.7081
140128.1
140132.4919
140136.8838
140141.2757
140145.6677
140150.0596
140154.4515
140158.8434
140163.2353
140167.6272
140172.0191
140176.411
140180.8029
140185.1948
140189.5867
140193.9787
140198.3706
140202.7625
140207.1544
140211.5463
140215.9382
140220.3301
140224.722
140229.1139
140233.5058
140237.8977
140242.2897
140246.6816
140251.0735
140255.4654
140259.8573
140264.2492
140268.6411
140273.033
140277.4249
140281.8168
140286.2087
140290.6007
140294.9926
140299.3845
140303.7764
140308.1683
140312.5602
140316.9521
140321.344
140325.7359
140330.1278
140334.5197
140338.9116
140343.3036
140347.6955
140352.0874
140356.4793
140360.8712
140365.2631
140369.655
140374.0469
140378.4388
140382.8307
140387.2226
140391.6146
140396.0065
140400.3984
140404.7903
140409.1822
140413.5741
140417.966
140422.3579
140426.7498
140431.1417
140435.5336
140439.9256
140444.3175
140448.7094
140453.1013
140457.4932
140461.8851
140466.277
140470.6689
140475.0608
140479.4527
140483.8446
140488.2366
140492.6285
140497.0204
140501.4123
140505.8042
140510.1961
140514.588
140518.9799
140523.3718
140527.7637
140532.1556
140536.5476
140540.9395
140545.3314
140549.7233
140554.1152
140558.5071
140562.899
140567.2909
140571.6828
140576.0747
140580.4666
140584.8586
140589.2505
140593.6424
140598.0343
140602.4262
140606.8181
140611.21
140615.6019
140619.9938
140624.3857
140628.7776
140633.1695
140637.5615
140641.9534
140646.3453
140650.7372
140655.1291
140659.521
140663.9129
140668.3048
140672.6967
140677.0886
140681.4805
140685.8725
140690.2644
140694.6563
140699.0482
140703.4401
140707.832
140712.2239
140716.6158
140721.0077
140725.3996
140729.7915
140734.1835
140738.5754
140742.9673
140747.3592
140751.7511
140756.143
140760.5349
140764.9268
140769.3187
140773.7106
140778.1025
140782.4945
140786.8864
140791.2783
140795.6702
140800.0621
140804.454
140808.8459
140813.2378
140817.6297
140822.0216
140826.4135
140830.8055
140835.1974
140839.5893
140843.9812
140848.3731
140852.765
140857.1569
140861.5488
140865.9407
140870.3326
140874.7245
140879.1164
140883.5084
140887.9003
140892.2922
140896.6841
140901.076
140905.4679
140909.8598
140914.2517
140918.6436
140923.0355
140927.4274
140931.8194
140936.2113
140940.6032
140944.9951
140949.387
140953.7789
140958.1708
140962.5627
140966.9546
140971.3465
140975.7384
140980.1304
140984.5223
140988.9142
140993.3061
140997.698
141002.0899
141006.4818
141010.8737
141015.2656
141019.6575
141024.0494
141028.4414
141032.8333
141037.2252
141041.6171
141046.009
141050.4009
141054.7928
141059.1847
141063.5766
141067.9685
141072.3604
141076.7524
141081.1443
141085.5362
141089.9281
141094.32
141098.7119
141103.1038
141107.4957
141111.8876
141116.2795
141120.6714
141125.0634
141129.4553
141133.8472
141138.2391
141142.631
141147.0229
141151.4148
141155.8067
141160.1986
141164.5905
141168.9824
141173.3743
141177.7663
141182.1582
141186.5501
141190.942
141195.3339
141199.7258
141204.1177
141208.5096
141212.9015
141217.2934
141221.6853
141226.0773
141230.4692
141234.8611
141239.253
141243.6449
141248.0368
141252.4287
141256.8206
141261.2125
141265.6044
141269.9963
141274.3883
141278.7802
141283.1721
141287.564
141291.9559
141296.3478
141300.7397
141305.1316
141309.5235
141313.9154
141318.3073
141322.6993
141327.0912
141331.4831
141335.875
141340.2669
141344.6588
141349.0507
141353.4426
141357.8345
141362.2264
141366.6183
141371.0103
141375.4022
141379.7941
141384.186
141388.5779
141392.9698
141397.3617
141401.7536
141406.1455
141410.5374
141414.9293
141419.3213
141423.7132
141428.1051
141432.497
141436.8889
141441.2808
141445.6727
141450.0646
141454.4565
141458.8484
141463.2403
141467.6322
141472.0242
141476.4161
141480.808
141485.1999
141489.5918
141493.9837
141498.3756
141502.7675
141507.1594
141511.5513
141515.9432
141520.3352
141524.7271
141529.119
141533.5109
141537.9028
141542.2947
141546.6866
141551.0785
141555.4704
141559.8623
141564.2542
141568.6462
141573.0381
141577.43
141581.8219
141586.2138
141590.6057
141594.9976
141599.3895
141603.7814
141608.1733
141612.5652
141616.9572
141621.3491
141625.741
141630.1329
141634.5248
141638.9167
141643.3086
141647.7005
141652.0924
141656.4843
141660.8762
141665.2682
141669.6601
141674.052
141678.4439
141682.8358
141687.2277
141691.6196
141696.0115
141700.4034
141704.7953
141709.1872
141713.5792
141717.9711
141722.363
141726.7549
141731.1468
141735.5387
141739.9306
141744.3225
141748.7144
141753.1063
141757.4982
141761.8901
141766.2821
141770.674
141775.0659
141779.4578
141783.8497
141788.2416
141792.6335
141797.0254
141801.4173
141805.8092
141810.2011
141814.5931
141818.985
141823.3769
141827.7688
141832.1607
141836.5526
141840.9445
141845.3364
141849.7283
141854.1202
141858.5121
141862.9041
141867.296
141871.6879
141876.0798
141880.4717
141884.8636
141889.2555
141893.6474
141898.0393
141902.4312
141906.8231
141911.2151
141915.607
141919.9989
141924.3908
141928.7827
141933.1746
141937.5665
141941.9584
141946.3503
141950.7422
141955.1341
141959.5261
141963.918
141968.3099
141972.7018
141977.0937
141981.4856
141985.8775
141990.2694
141994.6613
141999.0532
142003.4451
142007.837
142012.229
142016.6209
142021.0128
142025.4047
142029.7966
142034.1885
142038.5804
142042.9723
142047.3642
142051.7561
142056.148
142060.54
142064.9319
142069.3238
142073.7157
142078.1076
142082.4995
142086.8914
142091.2833
142095.6752
142100.0671
142104.459
142108.851
142113.2429
142117.6348
142122.0267
142126.4186
142130.8105
142135.2024
142139.5943
142143.9862
142148.3781
142152.77
142157.162
142161.5539
142165.9458
142170.3377
142174.7296
142179.1215
142183.5134
142187.9053
142192.2972
142196.6891
142201.081
142205.473
142209.8649
142214.2568
142218.6487
142223.0406
142227.4325
142231.8244
142236.2163
142240.6082
142245.0001
142249.392
142253.784
142258.1759
142262.5678
142266.9597
142271.3516
142275.7435
142280.1354
142284.5273
142288.9192
142293.3111
142297.703
142302.0949
142306.4869
142310.8788
142315.2707
142319.6626
142324.0545
142328.4464
142332.8383
142337.2302
142341.6221
142346.014
142350.4059
142354.7979
142359.1898
142363.5817
142367.9736
142372.3655
142376.7574
142381.1493
142385.5412
142389.9331
142394.325
142398.7169
142403.1089
142407.5008
142411.8927
142416.2846
142420.6765
142425.0684
142429.4603
142433.8522
142438.2441
142442.636
142447.0279
142451.4199
142455.8118
142460.2037
142464.5956
142468.9875
142473.3794
142477.7713
142482.1632
142486.5551
142490.947
142495.3389
142499.7309
142504.1228
142508.5147
142512.9066
142517.2985
142521.6904
142526.0823
142530.4742
142534.8661
142539.258
142543.6499
142548.0419
142552.4338
142556.8257
142561.2176
142565.6095
142570.0014
142574.3933
142578.7852
142583.1771
142587.569
142591.9609
142596.3528
142600.7448
142605.1367
142609.5286
142613.9205
142618.3124
142622.7043
142627.0962
142631.4881
142635.88
142640.2719
142644.6638
142649.0558
142653.4477
142657.8396
142662.2315
142666.6234
142671.0153
142675.4072
142679.7991
142684.191
142688.5829
142692.9748
142697.3668
142701.7587
142706.1506
142710.5425
142714.9344
142719.3263
142723.7182
142728.1101
142732.502
142736.8939
142741.2858
142745.6778
142750.0697
142754.4616
142758.8535
142763.2454
142767.6373
142772.0292
142776.4211
142780.813
142785.2049
142789.5968
142793.9888
142798.3807
142802.7726
142807.1645
142811.5564
142815.9483
142820.3402
142824.7321
142829.124
142833.5159
142837.9078
142842.2998
142846.6917
142851.0836
142855.4755
142859.8674
142864.2593
142868.6512
142873.0431
142877.435
142881.8269
142886.2188
142890.6107
142895.0027
142899.3946
142903.7865
142908.1784
142912.5703
142916.9622
142921.3541
142925.746
142930.1379
142934.5298
142938.9217
142943.3137
142947.7056
142952.0975
142956.4894
142960.8813
142965.2732
142969.6651
142974.057
142978.4489
142982.8408
142987.2327
142991.6247
142996.0166
143000.4085
143004.8004
143009.1923
143013.5842
143017.9761
143022.368
143026.7599
143031.1518
143035.5437
143039.9357
143044.3276
143048.7195
143053.1114
143057.5033
143061.8952
143066.2871
143070.679
143075.0709
143079.4628
143083.8547
143088.2467
143092.6386
143097.0305
143101.4224
143105.8143
143110.2062
143114.5981
143118.99
143123.3819
143127.7738
143132.1657
143136.5576
143140.9496
143145.3415
143149.7334
143154.1253
143158.5172
143162.9091
143167.301
143171.6929
143176.0848
143180.4767
143184.8686
143189.2606
143193.6525
143198.0444
143202.4363
143206.8282
143211.2201
143215.612
143220.0039
143224.3958
143228.7877
143233.1796
143237.5716
143241.9635
143246.3554
143250.7473
143255.1392
143259.5311
143263.923
143268.3149
143272.7068
143277.0987
143281.4906
143285.8826
143290.2745
143294.6664
143299.0583
143303.4502
143307.8421
143312.234
143316.6259
143321.0178
143325.4097
143329.8016
143334.1936
143338.5855
143342.9774
143347.3693
143351.7612
143356.1531
143360.545
143364.9369
143369.3288
143373.7207
143378.1126
143382.5046
143386.8965
143391.2884
143395.6803
143400.0722
143404.4641
143408.856
143413.2479
143417.6398
143422.0317
143426.4236
143430.8155
143435.2075
143439.5994
143443.9913
143448.3832
143452.7751
143457.167
143461.5589
143465.9508
143470.3427
143474.7346
143479.1265
143483.5185
143487.9104
143492.3023
143496.6942
143501.0861
143505.478
143509.8699
143514.2618
143518.6537
143523.0456
143527.4375
143531.8295
143536.2214
143540.6133
143545.0052
143549.3971
143553.789
143558.1809
143562.5728
143566.9647
143571.3566
143575.7485
143580.1405
143584.5324
143588.9243
143593.3162
143597.7081
143602.1
143606.4919
143610.8838
143615.2757
143619.6676
143624.0595
143628.4515
143632.8434
143637.2353
143641.6272
143646.0191
143650.411
143654.8029
143659.1948
143663.5867
143667.9786
143672.3705
143676.7625
143681.1544
143685.5463
143689.9382
143694.3301
143698.722
143703.1139
143707.5058
143711.8977
143716.2896
143720.6815
143725.0734
143729.4654
143733.8573
143738.2492
143742.6411
143747.033
143751.4249
143755.8168
143760.2087
143764.6006
143768.9925
143773.3844
143777.7764
143782.1683
143786.5602
143790.9521
143795.344
143799.7359
143804.1278
143808.5197
143812.9116
143817.3035
143821.6954
143826.0874
143830.4793
143834.8712
143839.2631
143843.655
143848.0469
143852.4388
143856.8307
143861.2226
143865.6145
143870.0064
143874.3984
143878.7903
143883.1822
143887.5741
143891.966
143896.3579
143900.7498
143905.1417
143909.5336
143913.9255
143918.3174
143922.7094
143927.1013
143931.4932
143935.8851
143940.277
143944.6689
143949.0608
143953.4527
143957.8446
143962.2365
143966.6284
143971.0204
143975.4123
143979.8042
143984.1961
143988.588
143992.9799
143997.3718
144001.7637
144006.1556
144010.5475
144014.9394
144019.3313
144023.7233
144028.1152
144032.5071
144036.899
144041.2909
144045.6828
144050.0747
144054.4666
144058.8585
144063.2504
144067.6423
144072.0343
144076.4262
144080.8181
144085.21
144089.6019
144093.9938
144098.3857
144102.7776
144107.1695
144111.5614
144115.9533
144120.3453
144124.7372
144129.1291
144133.521
144137.9129
144142.3048
144146.6967
144151.0886
144155.4805
144159.8724
144164.2643
144168.6563
144173.0482
144177.4401
144181.832
144186.2239
144190.6158
144195.0077
144199.3996
144203.7915
144208.1834
144212.5753
144216.9673
144221.3592
144225.7511
144230.143
144234.5349
144238.9268
144243.3187
144247.7106
144252.1025
144256.4944
144260.8863
144265.2782
144269.6702
144274.0621
144278.454
144282.8459
144287.2378
144291.6297
144296.0216
144300.4135
144304.8054
144309.1973
144313.5892
144317.9812
144322.3731
144326.765
144331.1569
144335.5488
144339.9407
144344.3326
144348.7245
144353.1164
144357.5083
144361.9002
144366.2922
144370.6841
144375.076
144379.4679
144383.8598
144388.2517
144392.6436
144397.0355
144401.4274
144405.8193
144410.2112
144414.6032
144418.9951
144423.387
144427.7789
144432.1708
144436.5627
144440.9546
144445.3465
144449.7384
144454.1303
144458.5222
144462.9142
144467.3061
144471.698
144476.0899
144480.4818
144484.8737
144489.2656
144493.6575
144498.0494
144502.4413
144506.8332
144511.2252
144515.6171
144520.009
144524.4009
144528.7928
144533.1847
144537.5766
144541.9685
144546.3604
144550.7523
144555.1442
144559.5361
144563.9281
144568.32
144572.7119
144577.1038
144581.4957
144585.8876
144590.2795
144594.6714
144599.0633
144603.4552
144607.8471
144612.2391
144616.631
144621.0229
144625.4148
144629.8067
144634.1986
144638.5905
144642.9824
144647.3743
144651.7662
144656.1581
144660.5501
144664.942
144669.3339
144673.7258
144678.1177
144682.5096
144686.9015
144691.2934
144695.6853
144700.0772
144704.4691
144708.8611
144713.253
144717.6449
144722.0368
144726.4287
144730.8206
144735.2125
144739.6044
144743.9963
144748.3882
144752.7801
144757.1721
144761.564
144765.9559
144770.3478
144774.7397
144779.1316
144783.5235
144787.9154
144792.3073
144796.6992
144801.0911
144805.4831
144809.875
144814.2669
144818.6588
144823.0507
144827.4426
144831.8345
144836.2264
144840.6183
144845.0102
144849.4021
144853.794
144858.186
144862.5779
144866.9698
144871.3617
144875.7536
144880.1455
144884.5374
144888.9293
144893.3212
144897.7131
144902.105
144906.497
144910.8889
144915.2808
144919.6727
144924.0646
144928.4565
144932.8484
144937.2403
144941.6322
144946.0241
144950.416
144954.808
144959.1999
144963.5918
144967.9837
144972.3756
144976.7675
144981.1594
144985.5513
144989.9432
144994.3351
144998.727
145003.119
145007.5109
145011.9028
145016.2947
145020.6866
145025.0785
145029.4704
145033.8623
145038.2542
145042.6461
145047.038
145051.43
145055.8219
145060.2138
145064.6057
145068.9976
145073.3895
145077.7814
145082.1733
145086.5652
145090.9571
145095.349
145099.7409
145104.1329
145108.5248
145112.9167
145117.3086
145121.7005
145126.0924
145130.4843
145134.8762
145139.2681
145143.66
145148.0519
145152.4439
145156.8358
145161.2277
145165.6196
145170.0115
145174.4034
145178.7953
145183.1872
145187.5791
145191.971
145196.3629
145200.7549
145205.1468
145209.5387
145213.9306
145218.3225
145222.7144
145227.1063
145231.4982
145235.8901
145240.282
145244.6739
145249.0659
145253.4578
145257.8497
145262.2416
145266.6335
145271.0254
145275.4173
145279.8092
145284.2011
145288.593
145292.9849
145297.3769
145301.7688
145306.1607
145310.5526
145314.9445
145319.3364
145323.7283
145328.1202
145332.5121
145336.904
145341.2959
145345.6879
145350.0798
145354.4717
145358.8636
145363.2555
145367.6474
145372.0393
145376.4312
145380.8231
145385.215
145389.6069
145393.9988
145398.3908
145402.7827
145407.1746
145411.5665
145415.9584
145420.3503
145424.7422
145429.1341
145433.526
145437.9179
145442.3098
145446.7018
145451.0937
145455.4856
145459.8775
145464.2694
145468.6613
145473.0532
145477.4451
145481.837
145486.2289
145490.6208
145495.0128
145499.4047
145503.7966
145508.1885
145512.5804
145516.9723
145521.3642
145525.7561
145530.148
145534.5399
145538.9318
145543.3238
145547.7157
145552.1076
145556.4995
145560.8914
145565.2833
145569.6752
145574.0671
145578.459
145582.8509
145587.2428
145591.6348
145596.0267
145600.4186
145604.8105
145609.2024
145613.5943
145617.9862
145622.3781
145626.77
145631.1619
145635.5538
145639.9458
145644.3377
145648.7296
145653.1215
145657.5134
145661.9053
145666.2972
145670.6891
145675.081
145679.4729
145683.8648
145688.2567
145692.6487
145697.0406
145701.4325
145705.8244
145710.2163
145714.6082
145719.0001
145723.392
145727.7839
145732.1758
145736.5677
145740.9597
145745.3516
145749.7435
145754.1354
145758.5273
145762.9192
145767.3111
145771.703
145776.0949
145780.4868
145784.8787
145789.2707
145793.6626
145798.0545
145802.4464
145806.8383
145811.2302
145815.6221
145820.014
145824.4059
145828.7978
145833.1897
145837.5817
145841.9736
145846.3655
145850.7574
145855.1493
145859.5412
145863.9331
145868.325
145872.7169
145877.1088
145881.5007
145885.8927
145890.2846
145894.6765
145899.0684
145903.4603
145907.8522
145912.2441
145916.636
145921.0279
145925.4198
145929.8117
145934.2037
145938.5956
145942.9875
145947.3794
145951.7713
145956.1632
145960.5551
145964.947
145969.3389
145973.7308
145978.1227
145982.5146
145986.9066
145991.2985
145995.6904
146000.0823
146004.4742
146008.8661
146013.258
146017.6499
146022.0418
146026.4337
146030.8256
146035.2176
146039.6095
146044.0014
146048.3933
146052.7852
146057.1771
146061.569
146065.9609
146070.3528
146074.7447
146079.1366
146083.5286
146087.9205
146092.3124
146096.7043
146101.0962
146105.4881
146109.88
146114.2719
146118.6638
146123.0557
146127.4476
146131.8396
146136.2315
146140.6234
146145.0153
146149.4072
146153.7991
146158.191
146162.5829
146166.9748
146171.3667
146175.7586
146180.1506
146184.5425
146188.9344
146193.3263
146197.7182
146202.1101
146206.502
146210.8939
146215.2858
146219.6777
146224.0696
146228.4615
146232.8535
146237.2454
146241.6373
146246.0292
146250.4211
146254.813
146259.2049
146263.5968
146267.9887
146272.3806
146276.7725
146281.1645
146285.5564
146289.9483
146294.3402
146298.7321
146303.124
146307.5159
146311.9078
146316.2997
146320.6916
146325.0835
146329.4755
146333.8674
146338.2593
146342.6512
146347.0431
146351.435
146355.8269
146360.2188
146364.6107
146369.0026
146373.3945
146377.7865
146382.1784
146386.5703
146390.9622
146395.3541
146399.746
146404.1379
146408.5298
146412.9217
146417.3136
146421.7055
146426.0975
146430.4894
146434.8813
146439.2732
146443.6651
146448.057
146452.4489
146456.8408
146461.2327
146465.6246
146470.0165
146474.4085
146478.8004
146483.1923
146487.5842
146491.9761
146496.368
146500.7599
146505.1518
146509.5437
146513.9356
146518.3275
146522.7194
146527.1114
146531.5033
146535.8952
146540.2871
146544.679
146549.0709
146553.4628
146557.8547
146562.2466
146566.6385
146571.0304
146575.4224
146579.8143
146584.2062
146588.5981
146592.99
146597.3819
146601.7738
146606.1657
146610.5576
146614.9495
146619.3414
146623.7334
146628.1253
146632.5172
146636.9091
146641.301
146645.6929
146650.0848
146654.4767
146658.8686
146663.2605
146667.6524
146672.0444
146676.4363
146680.8282
146685.2201
146689.612
146694.0039
146698.3958
146702.7877
146707.1796
146711.5715
146715.9634
146720.3554
146724.7473
146729.1392
146733.5311
146737.923
146742.3149
146746.7068
146751.0987
146755.4906
146759.8825
146764.2744
146768.6664
146773.0583
146777.4502
146781.8421
146786.234
146790.6259
146795.0178
146799.4097
146803.8016
146808.1935
146812.5854
146816.9773
146821.3693
146825.7612
146830.1531
146834.545
146838.9369
146843.3288
146847.7207
146852.1126
146856.5045
146860.8964
146865.2883
146869.6803
146874.0722
146878.4641
146882.856
146887.2479
146891.6398
146896.0317
146900.4236
146904.8155
146909.2074
146913.5993
146917.9913
146922.3832
146926.7751
146931.167
146935.5589
146939.9508
146944.3427
146948.7346
146953.1265
146957.5184
146961.9103
146966.3023
146970.6942
146975.0861
146979.478
146983.8699
146988.2618
146992.6537
146997.0456
147001.4375
147005.8294
147010.2213
147014.6133
147019.0052
147023.3971
147027.789
147032.1809
147036.5728
147040.9647
147045.3566
147049.7485
147054.1404
147058.5323
147062.9243
147067.3162
147071.7081
147076.1
147080.4919
147084.8838
147089.2757
147093.6676
147098.0595
147102.4514
147106.8433
147111.2352
147115.6272
147120.0191
147124.411
147128.8029
147133.1948
147137.5867
147141.9786
147146.3705
147150.7624
147155.1543
147159.5462
147163.9382
147168.3301
147172.722
147177.1139
147181.5058
147185.8977
147190.2896
147194.6815
147199.0734
147203.4653
147207.8572
147212.2492
147216.6411
147221.033
147225.4249
147229.8168
147234.2087
147238.6006
147242.9925
147247.3844
147251.7763
147256.1682
147260.5602
147264.9521
147269.344
147273.7359
147278.1278
147282.5197
147286.9116
147291.3035
147295.6954
147300.0873
147304.4792
147308.8712
147313.2631
147317.655
147322.0469
147326.4388
147330.8307
147335.2226
147339.6145
147344.0064
147348.3983
147352.7902
147357.1821
147361.5741
147365.966
147370.3579
147374.7498
147379.1417
147383.5336
147387.9255
147392.3174
147396.7093
147401.1012
147405.4931
147409.8851
147414.277
147418.6689
147423.0608
147427.4527
147431.8446
147436.2365
147440.6284
147445.0203
147449.4122
147453.8041
147458.1961
147462.588
147466.9799
147471.3718
147475.7637
147480.1556
147484.5475
147488.9394
147493.3313
147497.7232
147502.1151
147506.5071
147510.899
147515.2909
147519.6828
147524.0747
147528.4666
147532.8585
147537.2504
147541.6423
147546.0342
147550.4261
147554.8181
147559.21
147563.6019
147567.9938
147572.3857
147576.7776
147581.1695
147585.5614
147589.9533
147594.3452
147598.7371
147603.1291
147607.521
147611.9129
147616.3048
147620.6967
147625.0886
147629.4805
147633.8724
147638.2643
147642.6562
147647.0481
147651.44
147655.832
147660.2239
147664.6158
147669.0077
147673.3996
147677.7915
147682.1834
147686.5753
147690.9672
147695.3591
147699.751
147704.143
147708.5349
147712.9268
147717.3187
147721.7106
147726.1025
147730.4944
147734.8863
147739.2782
147743.6701
147748.062
147752.454
147756.8459
147761.2378
147765.6297
147770.0216
147774.4135
147778.8054
147783.1973
147787.5892
147791.9811
147796.373
147800.765
147805.1569
147809.5488
147813.9407
147818.3326
147822.7245
147827.1164
147831.5083
147835.9002
147840.2921
147844.684
147849.076
147853.4679
147857.8598
147862.2517
147866.6436
147871.0355
147875.4274
147879.8193
147884.2112
147888.6031
147892.995
147897.387
147901.7789
147906.1708
147910.5627
147914.9546
147919.3465
147923.7384
147928.1303
147932.5222
147936.9141
147941.306
147945.6979
147950.0899
147954.4818
147958.8737
147963.2656
147967.6575
147972.0494
147976.4413
147980.8332
147985.2251
147989.617
147994.0089
147998.4009
148002.7928
148007.1847
148011.5766
148015.9685
148020.3604
148024.7523
148029.1442
148033.5361
148037.928
148042.3199
148046.7119
148051.1038
148055.4957
148059.8876
148064.2795
148068.6714
148073.0633
148077.4552
148081.8471
148086.239
148090.6309
148095.0229
148099.4148
148103.8067
148108.1986
148112.5905
148116.9824
148121.3743
148125.7662
148130.1581
148134.55
148138.9419
148143.3339
148147.7258
148152.1177
148156.5096
148160.9015
148165.2934
148169.6853
148174.0772
148178.4691
148182.861
148187.2529
148191.6449
148196.0368
148200.4287
148204.8206
148209.2125
148213.6044
148217.9963
148222.3882
148226.7801
148231.172
148235.5639
148239.9558
148244.3478
148248.7397
148253.1316
148257.5235
148261.9154
148266.3073
148270.6992
148275.0911
148279.483
148283.8749
148288.2668
148292.6588
148297.0507
148301.4426
148305.8345
148310.2264
148314.6183
148319.0102
148323.4021
148327.794
148332.1859
148336.5778
148340.9698
148345.3617
148349.7536
148354.1455
148358.5374
148362.9293
148367.3212
148371.7131
148376.105
148380.4969
148384.8888
148389.2808
148393.6727
148398.0646
148402.4565
148406.8484
148411.2403
148415.6322
148420.0241
148424.416
148428.8079
148433.1998
148437.5918
148441.9837
148446.3756
148450.7675
148455.1594
148459.5513
148463.9432
148468.3351
148472.727
148477.1189
148481.5108
148485.9027
148490.2947
148494.6866
148499.0785
148503.4704
148507.8623
148512.2542
148516.6461
148521.038
148525.4299
148529.8218
148534.2137
148538.6057
148542.9976
148547.3895
148551.7814
148556.1733
148560.5652
148564.9571
148569.349
148573.7409
148578.1328
148582.5247
148586.9167
148591.3086
148595.7005
148600.0924
148604.4843
148608.8762
148613.2681
148617.66
148622.0519
148626.4438
148630.8357
148635.2277
148639.6196
148644.0115
148648.4034
148652.7953
148657.1872
148661.5791
148665.971
148670.3629
148674.7548
148679.1467
148683.5387
148687.9306
148692.3225
148696.7144
148701.1063
148705.4982
148709.8901
148714.282
148718.6739
148723.0658
148727.4577
148731.8497
148736.2416
148740.6335
148745.0254
148749.4173
148753.8092
148758.2011
148762.593
148766.9849
148771.3768
148775.7687
148780.1606
148784.5526
148788.9445
148793.3364
148797.7283
148802.1202
148806.5121
148810.904
148815.2959
148819.6878
148824.0797
148828.4716
148832.8636
148837.2555
148841.6474
148846.0393
148850.4312
148854.8231
148859.215
148863.6069
148867.9988
148872.3907
148876.7826
148881.1746
148885.5665
148889.9584
148894.3503
148898.7422
148903.1341
148907.526
148911.9179
148916.3098
148920.7017
148925.0936
148929.4856
148933.8775
148938.2694
148942.6613
148947.0532
148951.4451
148955.837
148960.2289
148964.6208
148969.0127
148973.4046
148977.7966
148982.1885
148986.5804
148990.9723
148995.3642
148999.7561
149004.148
149008.5399
149012.9318
149017.3237
149021.7156
149026.1076
149030.4995
149034.8914
149039.2833
149043.6752
149048.0671
149052.459
149056.8509
149061.2428
149065.6347
149070.0266
149074.4185
149078.8105
149083.2024
149087.5943
149091.9862
149096.3781
149100.77
149105.1619
149109.5538
149113.9457
149118.3376
149122.7295
149127.1215
149131.5134
149135.9053
149140.2972
149144.6891
149149.081
149153.4729
149157.8648
149162.2567
149166.6486
149171.0405
149175.4325
149179.8244
149184.2163
149188.6082
149193.0001
149197.392
149201.7839
149206.1758
149210.5677
149214.9596
149219.3515
149223.7435
149228.1354
149232.5273
149236.9192
149241.3111
149245.703
149250.0949
149254.4868
149258.8787
149263.2706
149267.6625
149272.0545
149276.4464
149280.8383
149285.2302
149289.6221
149294.014
149298.4059
149302.7978
149307.1897
149311.5816
149315.9735
149320.3654
149324.7574
149329.1493
149333.5412
149337.9331
149342.325
149346.7169
149351.1088
149355.5007
149359.8926
149364.2845
149368.6764
149373.0684
149377.4603
149381.8522
149386.2441
149390.636
149395.0279
149399.4198
149403.8117
149408.2036
149412.5955
149416.9874
149421.3794
149425.7713
149430.1632
149434.5551
149438.947
149443.3389
149447.7308
149452.1227
149456.5146
149460.9065
149465.2984
149469.6904
149474.0823
149478.4742
149482.8661
149487.258
149491.6499
149496.0418
149500.4337
149504.8256
149509.2175
149513.6094
149518.0014
149522.3933
149526.7852
149531.1771
149535.569
149539.9609
149544.3528
149548.7447
149553.1366
149557.5285
149561.9204
149566.3124
149570.7043
149575.0962
149579.4881
149583.88
149588.2719
149592.6638
149597.0557
149601.4476
149605.8395
149610.2314
149614.6233
149619.0153
149623.4072
149627.7991
149632.191
149636.5829
149640.9748
149645.3667
149649.7586
149654.1505
149658.5424
149662.9343
149667.3263
149671.7182
149676.1101
149680.502
149684.8939
149689.2858
149693.6777
149698.0696
149702.4615
149706.8534
149711.2453
149715.6373
149720.0292
149724.4211
149728.813
149733.2049
149737.5968
149741.9887
149746.3806
149750.7725
149755.1644
149759.5563
149763.9483
149768.3402
149772.7321
149777.124
149781.5159
149785.9078
149790.2997
149794.6916
149799.0835
149803.4754
149807.8673
149812.2593
149816.6512
149821.0431
149825.435
149829.8269
149834.2188
149838.6107
149843.0026
149847.3945
149851.7864
149856.1783
149860.5703
149864.9622
149869.3541
149873.746
149878.1379
149882.5298
149886.9217
149891.3136
149895.7055
149900.0974
149904.4893
149908.8812
149913.2732
149917.6651
149922.057
149926.4489
149930.8408
149935.2327
149939.6246
149944.0165
149948.4084
149952.8003
149957.1922
149961.5842
149965.9761
149970.368
149974.7599
149979.1518
149983.5437
149987.9356
149992.3275
149996.7194
150001.1113
150005.5032
150009.8952
150014.2871
150018.679
150023.0709
150027.4628
150031.8547
150036.2466
150040.6385
150045.0304
150049.4223
150053.8142
150058.2062
150062.5981
150066.99
150071.3819
150075.7738
150080.1657
150084.5576
150088.9495
150093.3414
150097.7333
150102.1252
150106.5172
150110.9091
150115.301
150119.6929
150124.0848
150128.4767
150132.8686
150137.2605
150141.6524
150146.0443
150150.4362
150154.8282
150159.2201
150163.612
150168.0039
150172.3958
150176.7877
150181.1796
150185.5715
150189.9634
150194.3553
150198.7472
150203.1391
150207.5311
150211.923
150216.3149
150220.7068
150225.0987
150229.4906
150233.8825
150238.2744
150242.6663
150247.0582
150251.4501
150255.8421
150260.234
150264.6259
150269.0178
150273.4097
150277.8016
150282.1935
150286.5854
150290.9773
150295.3692
150299.7611
150304.1531
150308.545
150312.9369
150317.3288
150321.7207
150326.1126
150330.5045
150334.8964
150339.2883
150343.6802
150348.0721
150352.4641
150356.856
150361.2479
150365.6398
150370.0317
150374.4236
150378.8155
150383.2074
150387.5993
150391.9912
150396.3831
150400.7751
150405.167
150409.5589
150413.9508
150418.3427
150422.7346
150427.1265
150431.5184
150435.9103
150440.3022
150444.6941
150449.086
150453.478
150457.8699
150462.2618
150466.6537
150471.0456
150475.4375
150479.8294
150484.2213
150488.6132
150493.0051
150497.397
150501.789
150506.1809
150510.5728
150514.9647
150519.3566
150523.7485
150528.1404
150532.5323
150536.9242
150541.3161
150545.708
150550.1
150554.4919
150558.8838
150563.2757
150567.6676
150572.0595
150576.4514
150580.8433
150585.2352
150589.6271
150594.019
150598.411
150602.8029
150607.1948
150611.5867
150615.9786
150620.3705
150624.7624
150629.1543
150633.5462
150637.9381
150642.33
150646.722
150651.1139
150655.5058
150659.8977
150664.2896
150668.6815
150673.0734
150677.4653
150681.8572
150686.2491
150690.641
150695.033
150699.4249
150703.8168
150708.2087
150712.6006
150716.9925
150721.3844
150725.7763
150730.1682
150734.5601
150738.952
150743.3439
150747.7359
150752.1278
150756.5197
150760.9116
150765.3035
150769.6954
150774.0873
150778.4792
150782.8711
150787.263
150791.6549
150796.0469
150800.4388
150804.8307
150809.2226
150813.6145
150818.0064
150822.3983
150826.7902
150831.1821
150835.574
150839.9659
150844.3579
150848.7498
150853.1417
150857.5336
150861.9255
150866.3174
150870.7093
150875.1012
150879.4931
150883.885
150888.2769
150892.6689
150897.0608
150901.4527
150905.8446
150910.2365
150914.6284
150919.0203
150923.4122
150927.8041
150932.196
150936.5879
150940.9799
150945.3718
150949.7637
150954.1556
150958.5475
150962.9394
150967.3313
150971.7232
150976.1151
150980.507
150984.8989
150989.2909
150993.6828
150998.0747
151002.4666
151006.8585
151011.2504
151015.6423
151020.0342
151024.4261
151028.818
151033.2099
151037.6018
151041.9938
151046.3857
151050.7776
151055.1695
151059.5614
151063.9533
151068.3452
151072.7371
151077.129
151081.5209
151085.9128
151090.3048
151094.6967
151099.0886
151103.4805
151107.8724
151112.2643
151116.6562
151121.0481
151125.44
151129.8319
151134.2238
151138.6158
151143.0077
151147.3996
151151.7915
151156.1834
151160.5753
151164.9672
151169.3591
151173.751
151178.1429
151182.5348
151186.9268
151191.3187
151195.7106
151200.1025
151204.4944
151208.8863
151213.2782
151217.6701
151222.062
151226.4539
151230.8458
151235.2378
151239.6297
151244.0216
151248.4135
151252.8054
151257.1973
151261.5892
151265.9811
151270.373
151274.7649
151279.1568
151283.5488
151287.9407
151292.3326
151296.7245
151301.1164
151305.5083
151309.9002
151314.2921
151318.684
151323.0759
151327.4678
151331.8597
151336.2517
151340.6436
151345.0355
151349.4274
151353.8193
151358.2112
151362.6031
151366.995
151371.3869
151375.7788
151380.1707
151384.5627
151388.9546
151393.3465
151397.7384
151402.1303
151406.5222
151410.9141
151415.306
151419.6979
151424.0898
151428.4817
151432.8737
151437.2656
151441.6575
151446.0494
151450.4413
151454.8332
151459.2251
151463.617
151468.0089
151472.4008
151476.7927
151481.1847
151485.5766
151489.9685
151494.3604
151498.7523
151503.1442
151507.5361
151511.928
151516.3199
151520.7118
151525.1037
151529.4957
151533.8876
151538.2795
151542.6714
151547.0633
151551.4552
151555.8471
151560.239
151564.6309
151569.0228
151573.4147
151577.8066
151582.1986
151586.5905
151590.9824
151595.3743
151599.7662
151604.1581
151608.55
151612.9419
151617.3338
151621.7257
151626.1176
151630.5096
151634.9015
151639.2934
151643.6853
151648.0772
151652.4691
151656.861
151661.2529
151665.6448
151670.0367
151674.4286
151678.8206
151683.2125
151687.6044
151691.9963
151696.3882
151700.7801
151705.172
151709.5639
151713.9558
151718.3477
151722.7396
151727.1316
151731.5235
151735.9154
151740.3073
151744.6992
151749.0911
151753.483
151757.8749
151762.2668
151766.6587
151771.0506
151775.4426
151779.8345
151784.2264
151788.6183
151793.0102
151797.4021
151801.794
151806.1859
151810.5778
151814.9697
151819.3616
151823.7536
151828.1455
151832.5374
151836.9293
151841.3212
151845.7131
151850.105
151854.4969
151858.8888
151863.2807
151867.6726
151872.0645
151876.4565
151880.8484
151885.2403
151889.6322
151894.0241
151898.416
151902.8079
151907.1998
151911.5917
151915.9836
151920.3755
151924.7675
151929.1594
151933.5513
151937.9432
151942.3351
151946.727
151951.1189
151955.5108
151959.9027
151964.2946
151968.6865
151973.0785
151977.4704
151981.8623
151986.2542
151990.6461
151995.038
151999.4299
152003.8218
152008.2137
152012.6056
152016.9975
152021.3895
152025.7814
152030.1733
152034.5652
152038.9571
152043.349
152047.7409
152052.1328
152056.5247
152060.9166
152065.3085
152069.7005
152074.0924
152078.4843
152082.8762
152087.2681
152091.66
152096.0519
152100.4438
152104.8357
152109.2276
152113.6195
152118.0115
152122.4034
152126.7953
152131.1872
152135.5791
152139.971
152144.3629
152148.7548
152153.1467
152157.5386
152161.9305
152166.3224
152170.7144
152175.1063
152179.4982
152183.8901
152188.282
152192.6739
152197.0658
152201.4577
152205.8496
152210.2415
152214.6334
152219.0254
152223.4173
152227.8092
152232.2011
152236.593
152240.9849
152245.3768
152249.7687
152254.1606
152258.5525
152262.9444
152267.3364
152271.7283
152276.1202
152280.5121
152284.904
152289.2959
152293.6878
152298.0797
152302.4716
152306.8635
152311.2554
152315.6474
152320.0393
152324.4312
152328.8231
152333.215
152337.6069
152341.9988
152346.3907
152350.7826
152355.1745
152359.5664
152363.9584
152368.3503
152372.7422
152377.1341
152381.526
152385.9179
152390.3098
152394.7017
152399.0936
152403.4855
152407.8774
152412.2694
152416.6613
152421.0532
152425.4451
152429.837
152434.2289
152438.6208
152443.0127
152447.4046
152451.7965
152456.1884
152460.5803
152464.9723
152469.3642
152473.7561
152478.148
152482.5399
152486.9318
152491.3237
152495.7156
152500.1075
152504.4994
152508.8913
152513.2833
152517.6752
152522.0671
152526.459
152530.8509
152535.2428
152539.6347
152544.0266
152548.4185
152552.8104
152557.2023
152561.5943
152565.9862
152570.3781
152574.77
152579.1619
152583.5538
152587.9457
152592.3376
152596.7295
152601.1214
152605.5133
152609.9053
152614.2972
152618.6891
152623.081
152627.4729
152631.8648
152636.2567
152640.6486
152645.0405
152649.4324
152653.8243
152658.2163
152662.6082
152667.0001
152671.392
152675.7839
152680.1758
152684.5677
152688.9596
152693.3515
152697.7434
152702.1353
152706.5272
152710.9192
152715.3111
152719.703
152724.0949
152728.4868
152732.8787
152737.2706
152741.6625
152746.0544
152750.4463
152754.8382
152759.2302
152763.6221
152768.014
152772.4059
152776.7978
152781.1897
152785.5816
152789.9735
152794.3654
152798.7573
152803.1492
152807.5412
152811.9331
152816.325
152820.7169
152825.1088
152829.5007
152833.8926
152838.2845
152842.6764
152847.0683
152851.4602
152855.8522
152860.2441
152864.636
152869.0279
152873.4198
152877.8117
152882.2036
152886.5955
152890.9874
152895.3793
152899.7712
152904.1632
152908.5551
152912.947
152917.3389
152921.7308
152926.1227
152930.5146
152934.9065
152939.2984
152943.6903
152948.0822
152952.4742
152956.8661
152961.258
152965.6499
152970.0418
152974.4337
152978.8256
152983.2175
152987.6094
152992.0013
152996.3932
153000.7851
153005.1771
153009.569
153013.9609
153018.3528
153022.7447
153027.1366
153031.5285
153035.9204
153040.3123
153044.7042
153049.0961
153053.4881
153057.88
153062.2719
153066.6638
153071.0557
153075.4476
153079.8395
153084.2314
153088.6233
153093.0152
153097.4071
153101.7991
153106.191
153110.5829
153114.9748
153119.3667
153123.7586
153128.1505
153132.5424
153136.9343
153141.3262
153145.7181
153150.1101
153154.502
153158.8939
153163.2858
153167.6777
153172.0696
153176.4615
153180.8534
153185.2453
153189.6372
153194.0291
153198.4211
153202.813
153207.2049
153211.5968
153215.9887
153220.3806
153224.7725
153229.1644
153233.5563
153237.9482
153242.3401
153246.7321
153251.124
153255.5159
153259.9078
153264.2997
153268.6916
153273.0835
153277.4754
153281.8673
153286.2592
153290.6511
153295.043
153299.435
153303.8269
153308.2188
153312.6107
153317.0026
153321.3945
153325.7864
153330.1783
153334.5702
153338.9621
153343.354
153347.746
153352.1379
153356.5298
153360.9217
153365.3136
153369.7055
153374.0974
153378.4893
153382.8812
153387.2731
153391.665
153396.057
153400.4489
153404.8408
153409.2327
153413.6246
153418.0165
153422.4084
153426.8003
153431.1922
153435.5841
153439.976
153444.368
153448.7599
153453.1518
153457.5437
153461.9356
153466.3275
153470.7194
153475.1113
153479.5032
153483.8951
153488.287
153492.679
153497.0709
153501.4628
153505.8547
153510.2466
153514.6385
153519.0304
153523.4223
153527.8142
153532.2061
153536.598
153540.99
153545.3819
153549.7738
153554.1657
153558.5576
153562.9495
153567.3414
153571.7333
153576.1252
153580.5171
153584.909
153589.3009
153593.6929
153598.0848
153602.4767
153606.8686
153611.2605
153615.6524
153620.0443
153624.4362
153628.8281
153633.22
153637.6119
153642.0039
153646.3958
153650.7877
153655.1796
153659.5715
153663.9634
153668.3553
153672.7472
153677.1391
153681.531
153685.9229
153690.3149
153694.7068
153699.0987
153703.4906
153707.8825
153712.2744
153716.6663
153721.0582
153725.4501
153729.842
153734.2339
153738.6259
153743.0178
153747.4097
153751.8016
153756.1935
153760.5854
153764.9773
153769.3692
153773.7611
153778.153
153782.5449
153786.9369
153791.3288
153795.7207
153800.1126
153804.5045
153808.8964
153813.2883
153817.6802
153822.0721
153826.464
153830.8559
153835.2478
153839.6398
153844.0317
153848.4236
153852.8155
153857.2074
153861.5993
153865.9912
153870.3831
153874.775
153879.1669
153883.5588
153887.9508
153892.3427
153896.7346
153901.1265
153905.5184
153909.9103
153914.3022
153918.6941
153923.086
153927.4779
153931.8698
153936.2618
153940.6537
153945.0456
153949.4375
153953.8294
153958.2213
153962.6132
153967.0051
153971.397
153975.7889
153980.1808
153984.5728
153988.9647
153993.3566
153997.7485
154002.1404
154006.5323
154010.9242
154015.3161
154019.708
154024.0999
154028.4918
154032.8838
154037.2757
154041.6676
154046.0595
154050.4514
154054.8433
154059.2352
154063.6271
154068.019
154072.4109
154076.8028
154081.1948
154085.5867
154089.9786
154094.3705
154098.7624
154103.1543
154107.5462
154111.9381
154116.33
154120.7219
154125.1138
154129.5057
154133.8977
154138.2896
154142.6815
154147.0734
154151.4653
154155.8572
154160.2491
154164.641
154169.0329
154173.4248
154177.8167
154182.2087
154186.6006
154190.9925
154195.3844
154199.7763
154204.1682
154208.5601
154212.952
154217.3439
154221.7358
154226.1277
154230.5197
154234.9116
154239.3035
154243.6954
154248.0873
154252.4792
154256.8711
154261.263
154265.6549
154270.0468
154274.4387
154278.8307
154283.2226
154287.6145
154292.0064
154296.3983
154300.7902
154305.1821
154309.574
154313.9659
154318.3578
154322.7497
154327.1417
154331.5336
154335.9255
154340.3174
154344.7093
154349.1012
154353.4931
154357.885
154362.2769
154366.6688
154371.0607
154375.4527
154379.8446
154384.2365
154388.6284
154393.0203
154397.4122
154401.8041
154406.196
154410.5879
154414.9798
154419.3717
154423.7636
154428.1556
154432.5475
154436.9394
154441.3313
154445.7232
154450.1151
154454.507
154458.8989
154463.2908
154467.6827
154472.0746
154476.4666
154480.8585
154485.2504
154489.6423
154494.0342
154498.4261
154502.818
154507.2099
154511.6018
154515.9937
154520.3856
154524.7776
154529.1695
154533.5614
154537.9533
154542.3452
154546.7371
154551.129
154555.5209
154559.9128
154564.3047
154568.6966
154573.0886
154577.4805
154581.8724
154586.2643
154590.6562
154595.0481
154599.44
154603.8319
154608.2238
154612.6157
154617.0076
154621.3996
154625.7915
154630.1834
154634.5753
154638.9672
154643.3591
154647.751
154652.1429
154656.5348
154660.9267
154665.3186
154669.7105
154674.1025
154678.4944
154682.8863
154687.2782
154691.6701
154696.062
154700.4539
154704.8458
154709.2377
154713.6296
154718.0215
154722.4135
154726.8054
154731.1973
154735.5892
154739.9811
154744.373
154748.7649
154753.1568
154757.5487
154761.9406
154766.3325
